2018-03-28 16:50:50 185.00 18.10 24.75 25.57 24.40
2018-03-28 16:50:51 222.00 18.10 24.85 25.71 24.40
2018-03-28 16:50:52 224.00 18.10 24.85 25.71 24.40
2018-03-28 16:50:54 224.00 18.00 24.85 25.71 24.60
2018-03-28 16:50:55 224.00 18.00 24.85 25.71 24.60
2018-03-28 16:50:56 223.00 18.00 24.85 25.71 24.50
2018-03-28 16:50:57 222.00 18.00 24.85 25.71 24.50
2018-03-28 16:50:59 222.00 18.00 24.85 25.71 24.50
2018-03-28 16:51:00 222.00 18.00 24.75 25.71 24.50
2018-03-28 16:51:01 222.00 18.00 24.85 25.71 24.50
2018-03-28 16:51:02 222.00 18.00 24.85 25.71 24.50
2018-03-28 16:51:14 222.00 18.00 24.85 25.71 24.50
2018-03-28 16:51:15 220.00 18.00 24.85 25.71 24.50
2018-03-28 16:51:16 220.00 18.00 24.85 25.71 24.50
2018-03-28 16:51:18 220.00 18.00 24.85 25.71 24.50
2018-03-28 16:51:19 220.00 18.00 24.85 25.71 24.50
2018-03-28 16:51:20 219.00 18.00 24.85 25.71 24.50
2018-03-28 16:51:21 219.00 18.00 24.85 25.71 24.50
2018-03-28 16:51:22 219.00 18.00 24.85 25.71 24.50
2018-03-28 16:51:23 219.00 18.00 24.85 25.71 24.50
2018-03-28 16:51:25 218.00 18.00 24.75 25.71 24.50
2018-03-28 16:51:26 218.00 18.00 24.75 25.65 24.50
2018-03-28 16:51:27 219.00 18.00 24.85 25.71 24.50
2018-03-28 16:51:28 219.00 18.00 24.85 25.71 24.50
2018-03-28 16:51:29 220.00 18.00 24.85 25.71 24.50
2018-03-28 16:51:30 219.00 18.00 24.85 25.71 24.50
2018-03-28 16:51:32 218.00 18.00 24.85 25.71 24.50
2018-03-28 16:51:33 218.00 18.00 24.85 25.71 24.50
2018-03-28 16:51:34 217.00 18.00 24.85 25.71 24.50
2018-03-28 16:51:35 218.00 18.00 24.85 25.71 24.50
2018-03-28 16:51:36 217.00 18.00 24.85 25.65 24.50
2018-03-28 16:51:37 216.00 18.00 24.85 25.71 24.50
2018-03-28 16:51:39 217.00 18.00 24.85 25.71 24.50
2018-03-28 16:51:40 216.00 18.00 24.85 25.71 24.50
2018-03-28 16:51:41 216.00 18.00 24.85 25.71 24.50
2018-03-28 16:51:42 215.00 18.00 24.85 25.71 24.50
2018-03-28 16:51:43 214.00 18.00 24.85 25.71 24.50
2018-03-28 16:51:44 216.00 18.00 24.85 25.71 24.50
2018-03-28 16:51:45 215.00 18.00 24.75 25.65 24.50
2018-03-28 16:51:47 215.00 18.00 24.85 25.71 24.50
2018-03-28 16:58:22 215.00 18.00 24.85 25.71 24.50
2018-03-28 16:58:23 248.00 18.00 25.77 25.79 24.50
2018-03-28 16:58:24 256.00 18.00 25.67 25.79 24.50
2018-03-28 16:58:25 258.00 18.60 25.71 25.79 24.70
2018-03-28 16:58:26 262.00 18.60 25.77 25.75 24.70
2018-03-28 16:58:27 264.00 18.60 25.77 25.79 24.60
2018-03-28 16:58:29 264.00 18.60 25.77 25.79 24.60
2018-03-28 16:58:30 264.00 18.70 25.71 25.79 24.60
2018-03-28 16:58:31 265.00 18.70 25.71 25.79 24.60
2018-03-28 16:58:32 266.00 18.80 25.71 25.75 24.60
2018-03-28 16:58:33 266.00 18.80 25.71 25.79 24.60
2018-03-28 16:58:34 265.00 18.90 26.01 25.79 24.60
2018-03-28 16:58:35 267.00 18.90 26.85 25.79 24.60
2018-03-28 16:58:37 267.00 18.90 25.81 25.79 24.60
2018-03-28 16:58:38 267.00 18.90 25.87 25.79 24.60
2018-03-28 16:58:39 267.00 19.00 25.87 25.79 24.60
2018-03-28 16:58:40 268.00 19.00 25.87 25.79 24.60
2018-03-28 16:58:41 267.00 19.00 25.91 25.79 24.60
2018-03-28 16:58:42 267.00 19.00 26.01 25.79 24.60
2018-03-28 16:58:44 268.00 19.10 25.87 25.79 24.60
2018-03-28 16:58:45 268.00 19.10 25.87 25.79 24.60
2018-03-28 16:58:46 268.00 19.10 25.91 25.79 24.60
2018-03-28 16:58:47 268.00 19.10 25.81 25.79 24.60
2018-03-28 16:58:48 267.00 19.20 25.87 25.83 24.60
2018-03-28 16:58:49 268.00 19.20 25.95 25.79 24.60
2018-03-28 16:58:51 268.00 19.20 25.77 25.79 24.60
2018-03-28 16:58:52 268.00 19.20 25.81 25.79 24.60
2018-03-28 16:58:53 267.00 19.20 25.81 25.83 24.60
2018-03-28 16:58:54 269.00 19.20 25.77 25.83 24.60
2018-03-28 16:58:55 269.00 19.20 25.81 25.83 24.60
2018-03-28 16:58:56 271.00 19.20 25.71 25.79 24.60
2018-03-28 16:58:58 270.00 19.30 25.71 25.79 24.60
2018-03-28 16:58:59 271.00 19.30 25.71 25.79 24.60
2018-03-28 16:59:00 271.00 19.30 26.25 25.83 24.60
2018-03-28 16:59:01 272.00 19.30 25.57 25.83 24.60
2018-03-28 16:59:02 272.00 19.20 25.33 25.83 24.60
2018-03-28 16:59:03 273.00 19.20 25.47 25.83 24.60
2018-03-28 16:59:05 274.00 19.30 26.15 25.79 24.60
2018-03-28 16:59:06 274.00 19.30 26.05 25.79 24.60
2018-03-28 16:59:07 273.00 19.30 26.85 25.79 24.70
2018-03-28 16:59:08 274.00 19.30 26.39 25.79 24.70
2018-03-28 16:59:09 274.00 19.20 25.91 25.83 24.60
2018-03-28 16:59:10 274.00 19.20 25.87 25.83 24.60
2018-03-28 16:59:11 274.00 19.20 25.81 25.83 24.60
2018-03-28 16:59:12 274.00 19.20 25.81 25.83 24.60
2018-03-28 16:59:14 275.00 19.20 25.81 25.83 24.60
2018-03-28 16:59:15 275.00 19.20 25.87 25.83 24.60
2018-03-28 16:59:16 274.00 19.10 25.87 25.83 24.60
2018-03-28 16:59:17 275.00 19.10 25.81 25.83 24.60
2018-03-28 16:59:18 275.00 19.10 25.43 25.83 24.60
2018-03-28 16:59:19 276.00 19.10 25.43 25.83 24.60
2018-03-28 16:59:21 276.00 19.20 25.39 25.83 24.70
2018-03-28 16:59:22 275.00 19.20 25.39 25.83 24.70
2018-03-28 16:59:23 274.00 19.10 25.47 25.83 24.60
2018-03-28 16:59:24 273.00 19.10 25.95 25.83 24.60
2018-03-28 16:59:25 273.00 19.00 26.01 25.83 24.60
2018-03-28 16:59:26 272.00 19.00 25.91 25.83 24.60
2018-03-28 16:59:28 271.00 19.00 25.87 25.83 24.60
2018-03-28 16:59:29 272.00 19.00 25.87 25.83 24.60
2018-03-28 16:59:30 272.00 19.00 26.01 25.83 24.60
2018-03-28 16:59:31 271.00 19.00 25.95 25.87 24.60
2018-03-28 16:59:32 270.00 19.00 26.05 25.83 24.60
2018-03-28 16:59:33 270.00 19.00 26.01 25.83 24.60
2018-03-28 16:59:35 268.00 19.10 26.01 25.87 24.70
2018-03-28 16:59:36 267.00 19.10 25.91 25.83 24.70
2018-03-28 16:59:37 265.00 19.00 25.95 25.87 24.60
2018-03-28 16:59:38 263.00 19.00 25.95 25.87 24.60
2018-03-28 16:59:39 264.00 19.10 26.15 25.87 24.70
2018-03-28 16:59:40 265.00 19.10 26.19 25.87 24.70
2018-03-28 16:59:42 264.00 19.10 25.91 25.87 24.70
2018-03-28 16:59:43 263.00 19.10 25.47 25.83 24.70
2018-03-28 16:59:44 260.00 19.10 25.47 25.87 24.70
2018-03-28 16:59:45 259.00 19.10 25.15 25.87 24.70
2018-03-28 16:59:46 257.00 19.10 24.99 25.87 24.70
2018-03-28 16:59:47 257.00 19.10 24.95 25.83 24.70
2018-03-28 16:59:49 257.00 19.10 24.95 25.87 24.70
2018-03-28 16:59:50 257.00 19.10 24.99 25.87 24.70
2018-03-28 16:59:51 258.00 19.10 24.99 25.87 24.70
2018-03-28 16:59:52 260.00 19.10 25.33 25.87 24.70
2018-03-28 16:59:53 259.00 nan 25.47 25.87 nan
2018-03-28 16:59:54 258.00 nan 25.47 25.87 nan
2018-03-28 16:59:55 256.00 nan 25.43 25.87 nan
2018-03-28 16:59:56 253.00 nan 25.43 25.87 nan
2018-03-28 16:59:58 249.00 nan 25.43 25.87 nan
2018-03-28 16:59:59 245.00 nan 25.43 25.87 nan
2018-03-28 17:00:00 245.00 nan 25.23 25.87 nan
2018-03-28 17:00:01 244.00 nan 25.09 25.87 nan
2018-03-28 17:00:02 246.00 nan 25.19 25.87 nan
2018-03-28 17:00:03 250.00 nan 25.19 25.87 nan
2018-03-28 17:00:05 252.00 nan 25.19 25.87 nan
2018-03-28 17:00:06 257.00 nan 24.95 25.87 nan
2018-03-28 17:00:07 259.00 nan 24.95 25.87 nan
2018-03-28 17:00:08 263.00 nan 24.91 25.87 nan
2018-03-28 17:00:09 267.00 nan 24.95 25.87 nan
2018-03-28 17:00:10 269.00 nan 24.91 25.87 nan
2018-03-28 17:00:12 270.00 nan 24.91 25.87 nan
2018-03-28 17:00:13 271.00 nan 24.95 25.91 nan
2018-03-28 17:00:14 273.00 nan 24.95 25.87 nan
2018-03-28 17:00:15 274.00 nan 24.95 25.87 nan
2018-03-28 17:00:16 274.00 nan 24.95 25.87 nan
2018-03-28 17:00:17 276.00 nan 24.99 25.91 nan
2018-03-28 17:00:19 277.00 nan 24.99 25.91 nan
2018-03-28 17:00:20 277.00 nan 24.95 25.87 nan
2018-03-28 17:00:21 275.00 nan 24.95 25.91 nan
2018-03-28 17:00:22 275.00 nan 24.95 25.87 nan
2018-03-28 17:00:23 268.00 nan 24.95 25.87 nan
2018-03-28 17:00:24 272.00 nan 24.95 25.87 nan
2018-03-28 17:00:25 271.00 nan 24.95 25.87 nan
2018-03-28 17:00:27 272.00 nan 24.95 25.87 nan
2018-03-28 17:00:28 273.00 nan 24.95 25.87 nan
2018-03-28 17:00:29 272.00 nan 24.99 25.91 nan
2018-03-28 17:00:30 269.00 nan 24.99 25.87 nan
2018-03-28 17:00:31 267.00 nan 24.99 25.91 nan
2018-03-28 17:00:32 264.00 nan 24.99 25.91 nan
2018-03-28 17:00:33 270.00 nan 24.91 25.91 nan
2018-03-28 17:00:35 270.00 nan 24.91 25.87 nan
2018-03-28 17:00:36 271.00 nan 24.91 25.87 nan
2018-03-28 17:00:37 270.00 nan 24.95 25.91 nan
2018-03-28 17:00:38 269.00 nan 24.91 25.87 nan
2018-03-28 17:00:39 269.00 nan 24.91 25.87 nan
2018-03-28 17:00:40 272.00 nan 24.91 25.91 nan
2018-03-28 17:00:42 273.00 19.10 24.95 25.91 24.70
2018-03-28 17:00:43 273.00 19.10 24.91 25.87 24.70
2018-03-28 17:00:44 275.00 18.70 24.95 25.91 24.70
2018-03-28 17:00:45 275.00 18.70 24.95 25.91 24.70
2018-03-28 17:00:46 269.00 18.70 24.95 25.87 24.70
2018-03-28 17:00:47 272.00 18.70 24.91 25.91 24.70
2018-03-28 17:00:49 272.00 nan 24.95 25.91 nan
2018-03-28 17:00:50 273.00 nan 24.95 25.91 nan
2018-03-28 17:00:51 273.00 18.70 24.95 25.87 24.70
2018-03-28 17:00:52 273.00 18.70 24.91 25.87 24.70
2018-03-28 17:00:53 273.00 18.60 24.95 25.87 24.70
2018-03-28 17:00:54 274.00 18.60 24.99 25.87 24.70
2018-03-28 17:00:56 274.00 18.60 25.05 25.87 24.70
2018-03-28 17:00:57 273.00 18.60 24.99 25.91 24.70
2018-03-28 17:00:58 273.00 18.60 24.95 25.91 24.70
2018-03-28 17:00:59 272.00 18.60 24.91 25.91 24.70
2018-03-28 17:01:00 272.00 18.60 24.91 25.91 24.70
2018-03-28 17:01:01 272.00 18.60 24.91 25.91 24.70
2018-03-28 17:01:03 272.00 18.60 24.91 25.91 24.70
2018-03-28 17:01:04 271.00 18.60 24.91 25.91 24.70
2018-03-28 17:01:05 271.00 18.50 24.91 25.91 24.70
2018-03-28 17:01:06 270.00 18.50 24.91 25.91 24.70
2018-03-28 17:01:07 271.00 18.60 24.91 25.87 24.70
2018-03-28 17:01:08 269.00 18.60 24.91 25.87 24.70
2018-03-28 17:01:09 271.00 18.60 24.91 25.91 24.70
2018-03-28 17:01:10 271.00 18.60 24.91 25.87 24.70
2018-03-28 17:01:12 269.00 18.60 24.91 25.91 24.70
2018-03-28 17:01:13 270.00 18.60 24.91 25.91 24.70
2018-03-28 17:01:14 269.00 18.60 24.95 25.91 24.70
2018-03-28 17:01:15 269.00 18.60 24.95 25.91 24.70
2018-03-28 17:01:16 268.00 18.60 24.95 25.91 24.70
2018-03-28 17:01:17 267.00 18.60 24.91 25.91 24.70
2018-03-28 17:01:19 266.00 18.70 24.95 25.91 24.70
2018-03-28 17:01:20 266.00 18.70 24.95 25.91 24.70
2018-03-28 17:01:21 265.00 18.70 24.95 25.91 24.70
2018-03-28 17:01:22 265.00 18.70 24.95 25.91 24.70
2018-03-28 17:01:23 265.00 18.70 24.95 25.91 24.70
2018-03-28 17:01:24 264.00 18.70 24.95 25.91 24.70
2018-03-28 17:01:26 263.00 18.70 24.95 25.91 24.70
2018-03-28 17:01:27 262.00 18.70 24.95 25.87 24.70
2018-03-28 17:01:28 261.00 18.70 24.95 25.91 24.70
2018-03-28 17:01:29 260.00 18.70 24.95 25.91 24.70
2018-03-28 17:01:30 262.00 18.80 24.95 25.91 24.70
2018-03-28 17:01:31 261.00 18.80 24.95 25.91 24.70
2018-03-28 17:01:33 262.00 18.80 24.95 25.91 24.70
2018-03-28 17:01:34 263.00 18.80 24.95 25.91 24.70
2018-03-28 17:01:35 266.00 18.80 24.95 25.91 24.70
2018-03-28 17:01:36 266.00 18.80 24.95 25.91 24.70
2018-03-28 17:01:37 266.00 18.80 24.95 25.91 24.70
2018-03-28 17:01:38 267.00 18.80 24.95 25.91 24.70
2018-03-28 17:01:40 268.00 18.80 24.95 25.91 24.70
2018-03-28 17:01:41 267.00 18.80 24.95 25.91 24.70
2018-03-28 17:01:42 267.00 18.80 24.95 25.91 24.70
2018-03-28 17:01:43 267.00 18.80 24.99 25.97 24.70
2018-03-28 17:01:44 266.00 18.80 24.95 25.91 24.70
2018-03-28 17:01:45 264.00 18.80 24.99 25.97 24.70
2018-03-28 17:01:46 264.00 18.80 24.95 25.91 24.70
2018-03-28 17:01:48 264.00 18.80 24.95 25.91 24.70
2018-03-28 17:01:49 262.00 18.70 24.95 25.91 24.70
2018-03-28 17:01:50 262.00 18.70 24.95 25.91 24.70
2018-03-28 17:01:51 261.00 18.70 24.91 25.91 24.70
2018-03-28 17:01:52 262.00 18.70 24.95 25.97 24.70
2018-03-28 17:01:53 262.00 18.70 24.91 25.91 24.70
2018-03-28 17:01:54 261.00 18.70 24.91 25.91 24.70
2018-03-28 17:01:56 261.00 18.70 24.91 25.91 24.70
2018-03-28 17:01:57 262.00 18.70 24.91 25.91 24.70
2018-03-28 17:01:58 260.00 18.70 24.91 25.91 24.70
2018-03-28 17:01:59 259.00 18.70 24.91 25.91 24.70
2018-03-28 17:02:00 259.00 18.70 24.91 25.91 24.70
2018-03-28 17:02:01 260.00 18.70 24.91 25.91 24.70
2018-03-28 17:02:03 259.00 18.70 24.91 25.91 24.80
2018-03-28 17:02:04 258.00 18.70 24.91 25.91 24.80
2018-03-28 17:02:05 256.00 18.60 24.91 25.91 24.70
2018-03-28 17:02:06 255.00 18.60 24.91 25.91 24.70
2018-03-28 17:02:07 255.00 18.60 24.91 25.91 24.70
2018-03-28 17:02:08 254.00 18.60 24.91 25.91 24.70
2018-03-28 17:02:10 254.00 18.70 24.91 25.91 24.80
2018-03-28 17:02:11 254.00 18.70 24.91 25.91 24.80
2018-03-28 17:02:12 253.00 18.60 24.95 25.91 24.80
2018-03-28 17:02:13 253.00 18.60 24.91 25.91 24.80
2018-03-28 17:02:14 251.00 18.60 24.91 25.91 24.80
2018-03-28 17:02:15 252.00 18.60 24.91 25.91 24.80
2018-03-28 17:02:17 253.00 18.60 24.91 25.91 24.80
2018-03-28 17:02:18 254.00 18.60 24.91 25.91 24.80
2018-03-28 17:02:19 255.00 18.60 24.91 25.91 24.80
2018-03-28 17:02:20 254.00 18.60 24.91 25.91 24.80
2018-03-28 17:02:21 254.00 18.60 24.95 25.91 24.80
2018-03-28 17:02:22 253.00 18.60 24.91 25.91 24.80
2018-03-28 17:02:24 253.00 18.60 24.91 25.91 24.80
2018-03-28 17:02:25 254.00 18.60 24.95 25.91 24.80
2018-03-28 17:02:26 255.00 18.50 24.95 25.91 24.80
2018-03-28 17:02:27 254.00 18.50 24.95 25.87 24.80
2018-03-28 17:02:28 255.00 18.50 24.91 25.91 24.80
2018-03-28 17:02:29 254.00 18.50 24.95 25.91 24.80
2018-03-28 17:02:30 250.00 18.50 24.99 25.91 24.70
2018-03-28 17:02:31 252.00 18.50 24.99 25.87 24.70
2018-03-28 17:02:33 252.00 18.50 24.95 25.91 24.70
2018-03-28 17:02:34 250.00 18.50 24.95 25.91 24.70
2018-03-28 17:02:35 249.00 18.50 24.95 25.97 24.80
2018-03-28 17:02:36 249.00 18.50 24.99 25.91 24.80
2018-03-28 17:02:37 247.00 18.40 24.95 25.91 24.70
2018-03-28 17:02:38 246.00 18.40 24.95 25.91 24.70
2018-03-28 17:02:40 244.00 18.50 24.95 25.91 24.80
2018-03-28 17:02:41 244.00 18.50 24.95 25.97 24.80
2018-03-28 17:02:42 243.00 18.50 24.95 25.91 24.80
2018-03-28 17:02:43 242.00 18.50 24.95 25.91 24.80
2018-03-28 17:02:44 240.00 18.40 24.91 25.91 24.80
2018-03-28 17:02:45 239.00 18.40 24.95 25.91 24.80
2018-03-28 17:02:47 240.00 18.40 24.91 25.97 24.80
2018-03-28 17:02:48 239.00 18.40 24.91 25.97 24.80
2018-03-28 17:02:49 238.00 18.40 24.91 25.91 24.80
2018-03-28 17:02:50 238.00 18.40 24.91 25.91 24.80
2018-03-28 17:02:51 237.00 18.40 24.91 25.91 24.80
2018-03-28 17:02:52 237.00 18.40 24.91 25.91 24.80
2018-03-28 17:02:54 236.00 18.40 24.91 25.91 24.80
2018-03-28 17:02:55 235.00 18.40 24.91 25.91 24.80
2018-03-28 17:02:56 235.00 18.40 24.91 25.91 24.80
2018-03-28 17:02:57 233.00 18.40 24.91 25.97 24.80
2018-03-28 17:02:58 233.00 18.40 24.91 25.91 24.80
2018-03-28 17:02:59 233.00 18.40 24.91 25.91 24.80
2018-03-28 17:03:01 231.00 18.40 24.95 25.97 24.80
2018-03-28 17:03:02 229.00 18.40 24.95 25.97 24.80
2018-03-28 17:03:03 229.00 18.40 24.95 25.91 24.80
2018-03-28 17:03:04 227.00 18.40 24.91 25.91 24.80
2018-03-28 17:03:05 227.00 18.40 24.91 25.91 24.80
2018-03-28 17:03:06 226.00 18.40 24.91 25.97 24.80
2018-03-28 17:03:08 224.00 18.40 24.95 25.91 24.80
2018-03-28 17:03:09 223.00 18.40 24.95 25.91 24.80
2018-03-28 17:03:10 221.00 18.40 24.95 25.91 24.80
2018-03-28 17:03:11 221.00 18.40 24.91 25.97 24.80
2018-03-28 17:03:12 220.00 18.40 24.91 25.97 24.80
2018-03-28 17:03:13 216.00 18.40 24.91 25.91 24.80
2018-03-28 17:03:14 214.00 18.40 24.91 25.91 24.80
2018-03-28 17:03:15 214.00 18.40 24.91 25.91 24.80
2018-03-28 17:03:17 214.00 18.40 24.95 25.91 24.80
2018-03-28 17:03:18 215.00 18.40 24.95 25.91 24.80
2018-03-28 17:03:19 215.00 18.40 24.95 25.91 24.80
2018-03-28 17:03:20 208.00 18.40 24.91 25.91 24.80
2018-03-28 17:03:21 200.00 18.40 24.91 25.91 24.80
2018-03-28 17:03:22 206.00 18.40 24.95 25.97 24.80
2018-03-28 17:03:24 209.00 18.40 24.85 25.91 24.80
2018-03-28 17:03:25 209.00 18.40 24.91 25.91 24.80
2018-03-28 17:03:26 211.00 18.40 24.91 25.91 24.80
2018-03-28 17:03:27 209.00 18.40 24.95 25.91 24.80
2018-03-28 17:03:28 208.00 18.40 24.91 25.97 24.80
2018-03-28 17:03:29 208.00 18.40 24.91 25.91 24.80
2018-03-28 17:03:31 206.00 18.40 24.91 25.91 24.80
2018-03-28 17:03:32 208.00 18.40 24.91 25.91 24.80
2018-03-28 17:03:33 207.00 18.30 24.85 25.97 24.80
2018-03-28 17:03:34 206.00 18.30 24.91 25.91 24.80
2018-03-28 17:03:35 205.00 18.30 24.91 25.97 24.80
2018-03-28 17:03:36 205.00 18.30 24.91 25.91 24.80
2018-03-28 17:03:38 204.00 18.30 24.85 25.91 24.80
2018-03-28 17:03:39 205.00 18.30 24.91 25.91 24.80
2018-03-28 17:03:40 205.00 18.30 24.95 25.91 24.80
2018-03-28 17:03:41 204.00 18.30 24.91 25.97 24.80
2018-03-28 17:03:42 203.00 18.30 24.91 25.97 24.80
2018-03-28 17:03:43 201.00 18.30 24.91 25.91 24.80
2018-03-28 17:03:45 200.00 18.30 24.91 25.91 24.80
2018-03-28 17:03:46 198.00 18.30 24.91 25.91 24.80
2018-03-28 17:03:47 197.00 18.30 24.91 25.91 24.80
2018-03-28 17:03:48 198.00 18.30 24.85 25.91 24.80
2018-03-28 17:03:49 197.00 18.30 24.91 25.91 24.80
2018-03-28 17:03:50 200.00 18.30 24.95 25.91 24.80
2018-03-28 17:03:51 199.00 18.30 24.85 25.91 24.80
2018-03-28 17:03:53 198.00 18.30 24.85 25.97 24.80
2018-03-28 17:03:54 196.00 18.30 24.85 25.91 24.80
2018-03-28 17:03:55 197.00 18.30 24.91 25.97 24.80
2018-03-28 17:03:56 197.00 18.30 24.85 25.91 24.80
2018-03-28 17:03:57 197.00 18.30 24.91 25.91 24.80
2018-03-28 17:03:58 198.00 18.30 24.85 25.91 24.80
2018-03-28 17:03:59 197.00 18.30 24.91 25.87 24.80
2018-03-28 17:04:01 197.00 18.30 24.85 25.91 24.80
2018-03-28 17:04:02 197.00 18.30 24.91 25.91 24.80
2018-03-28 17:04:03 197.00 18.30 24.91 25.91 24.80
2018-03-28 17:04:04 197.00 18.30 24.91 25.91 24.80
2018-03-28 17:04:05 195.00 18.30 24.91 25.91 24.80
2018-03-28 17:04:06 195.00 18.30 24.91 25.91 24.80
2018-03-28 17:04:08 196.00 18.30 24.91 25.91 24.80
2018-03-28 17:04:09 196.00 18.30 24.91 25.91 24.80
2018-03-28 17:04:10 196.00 18.30 24.91 25.91 24.80
2018-03-28 17:04:11 195.00 18.30 24.91 25.91 24.80
2018-03-28 17:04:12 196.00 18.30 24.91 25.91 24.80
2018-03-28 17:04:13 196.00 18.30 24.91 25.91 24.80
2018-03-28 17:04:15 195.00 18.30 24.91 25.91 24.80
2018-03-28 17:04:16 195.00 18.30 24.91 25.91 24.80
2018-03-28 17:04:17 194.00 18.30 24.91 25.91 24.80
2018-03-28 17:04:18 193.00 18.30 24.91 25.91 24.80
2018-03-28 17:04:19 194.00 18.30 24.91 25.91 24.80
2018-03-28 17:04:20 192.00 18.30 24.91 25.91 24.80
2018-03-28 17:04:22 193.00 18.30 24.91 25.91 24.80
2018-03-28 17:04:23 193.00 18.30 24.91 25.91 24.80
2018-03-28 17:04:24 192.00 18.30 24.91 25.91 24.80
2018-03-28 17:04:25 192.00 18.30 24.91 25.91 24.80
2018-03-28 17:04:26 192.00 18.30 24.91 25.91 24.80
2018-03-28 17:04:27 190.00 18.30 24.91 25.87 24.80
2018-03-28 17:04:29 191.00 18.30 24.91 25.91 24.80
2018-03-28 17:04:30 189.00 18.30 24.85 25.91 24.80
2018-03-28 17:04:31 189.00 18.30 24.91 25.91 24.80
2018-03-28 17:04:32 190.00 18.30 24.91 25.91 24.80
2018-03-28 17:04:33 191.00 18.30 24.85 25.91 24.80
2018-03-28 17:04:34 191.00 18.30 24.85 25.91 24.80
2018-03-28 17:04:35 190.00 18.30 24.85 25.91 24.80
2018-03-28 17:04:37 190.00 18.30 24.85 25.87 24.80
2018-03-28 17:04:38 191.00 18.30 24.85 25.91 24.80
2018-03-28 17:04:39 191.00 18.30 24.85 25.91 24.80
2018-03-28 17:04:40 190.00 18.30 24.85 25.91 24.80
2018-03-28 17:04:41 190.00 18.30 24.85 25.91 24.80
2018-03-28 17:04:42 189.00 18.30 24.91 25.91 24.80
2018-03-28 17:04:43 190.00 18.30 24.85 25.91 24.80
2018-03-28 17:04:45 188.00 18.30 24.85 25.91 24.80
2018-03-28 17:04:46 190.00 18.30 24.91 25.91 24.80
2018-03-28 17:04:47 189.00 18.30 24.91 25.91 24.80
2018-03-28 17:04:48 187.00 18.30 24.91 25.91 24.80
2018-03-28 17:04:49 186.00 18.30 24.85 25.91 24.80
2018-03-28 17:04:50 178.00 18.30 24.85 25.91 24.80
2018-03-28 17:04:52 183.00 18.30 24.81 25.91 24.80
2018-03-28 17:04:53 185.00 18.30 24.81 25.91 24.80
2018-03-28 17:04:54 186.00 18.30 24.85 25.91 24.80
2018-03-28 17:04:55 186.00 18.30 29.61 25.91 24.80
2018-03-28 17:04:56 182.00 18.30 33.71 25.91 24.80
2018-03-28 17:04:57 181.00 18.30 33.89 25.91 24.80
2018-03-28 17:04:59 184.00 18.30 24.99 25.91 24.80
2018-03-28 17:05:00 182.00 18.30 24.95 25.91 24.80
2018-03-28 17:05:01 179.00 18.30 24.91 25.91 24.80
2018-03-28 17:05:02 162.00 18.30 24.91 25.91 24.80
2018-03-28 17:05:03 162.00 18.30 24.91 25.91 24.80
2018-03-28 17:05:04 154.00 18.30 24.91 25.91 24.80
2018-03-28 17:05:06 139.00 18.30 24.85 25.91 24.80
2018-03-28 17:05:07 139.00 18.30 24.85 25.91 24.80
2018-03-28 17:05:08 187.00 18.30 24.85 25.91 24.80
2018-03-28 17:05:09 203.00 18.30 24.85 25.91 24.80
2018-03-28 17:05:10 197.00 18.30 24.85 25.91 24.80
2018-03-28 17:05:11 183.00 18.30 24.81 25.91 24.80
2018-03-28 17:05:13 155.00 18.30 24.85 25.91 24.80
2018-03-28 17:05:14 179.00 18.30 24.81 25.91 24.80
2018-03-28 17:05:15 180.00 18.30 24.81 25.91 24.80
2018-03-28 17:05:16 182.00 18.30 24.81 25.91 24.80
2018-03-28 17:05:17 164.00 18.30 24.81 25.91 24.80
2018-03-28 17:05:18 177.00 18.30 24.81 25.91 24.80
2018-03-28 17:05:19 190.00 18.30 24.81 25.91 24.80
2018-03-28 17:05:20 187.00 18.30 24.81 25.91 24.80
2018-03-28 17:05:22 188.00 18.30 24.81 25.91 24.80
2018-03-28 17:05:23 186.00 18.30 24.81 25.91 24.80
2018-03-28 17:05:24 166.00 18.30 24.75 25.91 24.80
2018-03-28 17:05:25 148.00 18.30 24.81 25.91 24.80
2018-03-28 17:05:26 146.00 18.30 24.81 25.91 24.80
2018-03-28 17:05:27 162.00 18.30 24.81 25.91 24.80
2018-03-28 17:05:29 138.00 18.30 24.81 25.91 24.80
2018-03-28 17:05:30 139.00 18.30 24.81 25.91 24.80
2018-03-28 17:05:31 145.00 18.30 24.81 25.91 24.80
2018-03-28 17:05:32 142.00 18.30 24.81 25.91 24.80
2018-03-28 17:05:33 137.00 18.30 24.75 25.91 24.80
2018-03-28 17:05:34 194.00 18.30 24.75 25.91 24.80
2018-03-28 17:05:36 171.00 18.30 24.75 25.91 24.80
2018-03-28 17:05:37 182.00 18.30 24.75 25.91 24.80
2018-03-28 17:05:38 181.00 18.30 24.71 25.91 24.80
2018-03-28 17:05:39 188.00 18.30 24.71 25.87 24.80
2018-03-28 17:05:40 189.00 18.30 24.71 25.91 24.80
2018-03-28 17:05:41 192.00 18.30 24.71 25.91 24.80
2018-03-28 17:05:43 195.00 18.30 24.67 25.91 24.80
2018-03-28 17:05:44 198.00 18.30 24.67 25.91 24.80
2018-03-28 17:05:45 197.00 18.30 24.71 25.87 24.80
2018-03-28 17:05:46 195.00 18.30 24.67 25.87 24.80
2018-03-28 17:05:47 195.00 18.30 24.67 25.91 24.80
2018-03-28 17:05:48 197.00 18.30 24.71 25.91 24.80
2018-03-28 17:05:50 197.00 18.30 24.67 25.87 24.80
2018-03-28 17:05:51 197.00 18.30 24.71 25.91 24.80
2018-03-28 17:05:52 198.00 18.30 24.67 25.87 24.80
2018-03-28 17:05:53 198.00 18.30 24.67 25.87 24.80
2018-03-28 17:05:54 198.00 18.30 24.67 25.87 24.80
2018-03-28 17:05:55 199.00 18.30 24.67 25.87 24.80
2018-03-28 17:05:57 202.00 18.30 24.67 25.87 24.80
2018-03-28 17:05:58 204.00 18.30 24.71 25.87 24.80
2018-03-28 17:05:59 204.00 18.30 24.71 25.87 24.80
2018-03-28 17:06:00 202.00 18.30 24.75 25.87 24.80
2018-03-28 17:06:01 201.00 18.30 24.71 25.87 24.80
2018-03-28 17:06:02 201.00 18.30 24.75 25.87 24.80
2018-03-28 17:06:03 200.00 18.30 24.75 25.87 24.80
2018-03-28 17:06:04 201.00 18.30 24.75 25.87 24.80
2018-03-28 17:06:06 202.00 18.30 24.75 25.87 24.80
2018-03-28 17:06:07 201.00 18.30 24.75 25.87 24.80
2018-03-28 17:06:08 201.00 18.30 24.75 25.87 24.80
2018-03-28 17:06:09 203.00 18.30 24.75 25.87 24.80
2018-03-28 17:06:10 203.00 18.30 24.81 25.87 24.80
2018-03-28 17:06:11 203.00 18.30 24.75 25.87 24.80
2018-03-28 17:06:13 202.00 18.30 24.75 25.87 24.80
2018-03-28 17:06:14 203.00 18.30 24.75 25.87 24.80
2018-03-28 17:06:15 201.00 18.40 24.75 25.87 24.80
2018-03-28 17:06:16 200.00 18.40 24.75 25.87 24.80
2018-03-28 17:06:17 202.00 18.40 24.75 25.87 24.80
2018-03-28 17:06:18 202.00 18.40 24.75 25.87 24.80
2018-03-28 17:06:20 202.00 18.40 24.75 25.87 24.80
2018-03-28 17:06:21 202.00 18.40 24.75 25.87 24.80
2018-03-28 17:06:22 203.00 18.40 24.71 25.87 24.80
2018-03-28 17:06:23 204.00 18.40 24.67 25.83 24.80
2018-03-28 17:06:24 203.00 18.40 24.75 25.87 24.80
2018-03-28 17:06:25 205.00 18.40 24.75 25.87 24.80
2018-03-28 17:06:27 203.00 18.40 24.75 25.87 24.80
2018-03-28 17:06:28 204.00 18.40 24.75 25.87 24.80
2018-03-28 17:06:29 203.00 18.40 24.75 25.87 24.80
2018-03-28 17:06:30 203.00 18.40 24.75 25.87 24.80
2018-03-28 17:06:31 204.00 18.40 24.75 25.87 24.80
2018-03-28 17:06:32 203.00 18.40 24.75 25.87 24.80
2018-03-28 17:06:34 203.00 18.40 24.75 25.87 24.80
2018-03-28 17:06:35 203.00 18.40 24.75 25.87 24.80
2018-03-28 17:06:36 204.00 18.40 24.75 25.87 24.80
2018-03-28 17:06:37 200.00 18.40 24.71 25.83 24.80
2018-03-28 17:06:38 197.00 18.40 24.71 25.87 24.80
2018-03-28 17:06:39 199.00 18.40 24.75 25.83 24.80
2018-03-28 17:06:40 197.00 18.40 24.71 25.87 24.80
2018-03-28 17:06:42 196.00 18.40 24.71 25.83 24.80
2018-03-28 17:06:43 197.00 18.40 24.75 25.87 24.80
2018-03-28 17:06:44 198.00 18.40 24.71 25.83 24.80
2018-03-28 17:06:45 199.00 18.40 24.75 25.83 24.80
2018-03-28 17:06:46 197.00 18.40 24.67 25.83 24.80
2018-03-28 17:06:47 199.00 18.40 24.71 25.83 24.80
2018-03-28 17:06:48 199.00 18.40 24.67 25.83 24.80
2018-03-28 17:06:50 200.00 18.40 24.81 25.83 24.80
2018-03-28 17:06:51 201.00 18.40 24.75 25.83 24.80
2018-03-28 17:06:52 201.00 18.30 24.71 25.87 24.80
2018-03-28 17:06:53 200.00 18.30 24.71 25.83 24.80
2018-03-28 17:06:54 201.00 18.40 24.67 25.83 24.80
2018-03-28 17:06:55 201.00 18.40 24.67 25.83 24.80
2018-03-28 17:06:57 201.00 18.40 24.71 25.83 24.80
2018-03-28 17:06:58 200.00 18.40 24.67 25.83 24.80
2018-03-28 17:06:59 202.00 18.40 24.71 25.83 24.80
2018-03-28 17:07:00 202.00 18.40 24.91 25.83 24.80
2018-03-28 17:07:01 200.00 18.40 24.81 25.83 24.80
2018-03-28 17:07:02 202.00 18.40 24.81 25.83 24.80
2018-03-28 17:07:04 200.00 18.40 24.81 25.83 24.80
2018-03-28 17:07:05 203.00 18.40 24.71 25.83 24.80
2018-03-28 17:07:06 203.00 18.40 24.75 25.83 24.80
2018-03-28 17:07:07 203.00 18.40 24.75 25.83 24.80
2018-03-28 17:07:08 204.00 18.40 24.75 25.83 24.80
2018-03-28 17:07:09 203.00 18.40 24.75 25.83 24.80
2018-03-28 17:07:11 202.00 18.40 24.71 25.83 24.80
2018-03-28 17:07:12 202.00 18.40 24.71 25.83 24.80
2018-03-28 17:07:13 201.00 18.30 24.71 25.79 24.80
2018-03-28 17:07:14 200.00 18.30 24.81 25.83 24.80
2018-03-28 17:07:15 199.00 18.40 24.75 25.79 24.80
2018-03-28 17:07:16 196.00 18.40 24.81 25.83 24.80
2018-03-28 17:07:18 195.00 18.40 24.75 25.79 24.80
2018-03-28 17:07:19 189.00 18.40 24.81 25.83 24.80
2018-03-28 17:07:20 188.00 18.50 24.81 25.83 24.80
2018-03-28 17:07:21 188.00 18.50 24.75 25.83 24.80
2018-03-28 17:07:22 188.00 18.50 24.71 25.79 24.80
2018-03-28 17:07:23 189.00 18.50 24.81 25.83 24.80
2018-03-28 17:07:24 189.00 18.60 24.81 25.79 24.80
2018-03-28 17:07:25 162.00 18.60 24.75 25.79 24.80
2018-03-28 17:07:27 157.00 18.70 24.75 25.83 24.80
2018-03-28 17:07:28 149.00 18.70 24.75 25.79 24.80
2018-03-28 17:07:29 217.00 18.80 24.67 25.79 24.80
2018-03-28 17:07:30 205.00 18.80 24.67 25.79 24.80
2018-03-28 17:07:31 177.00 18.80 24.67 25.83 24.80
2018-03-28 17:07:32 211.00 18.80 24.67 25.79 24.80
2018-03-28 17:07:34 195.00 18.90 24.67 25.83 24.80
2018-03-28 17:07:35 193.00 18.90 24.67 25.79 24.80
2018-03-28 17:07:36 209.00 18.90 24.71 25.83 24.80
2018-03-28 17:07:37 196.00 18.90 24.61 25.79 24.80
2018-03-28 17:07:38 190.00 19.00 24.67 25.83 24.80
2018-03-28 17:07:39 178.00 19.00 24.71 25.79 24.80
2018-03-28 17:07:41 186.00 19.00 24.71 25.79 24.80
2018-03-28 17:07:42 194.00 19.00 24.71 25.79 24.80
2018-03-28 17:07:43 203.00 19.00 24.81 25.83 24.80
2018-03-28 17:07:44 205.00 19.00 24.81 25.83 24.80
2018-03-28 17:07:45 209.00 19.00 24.75 25.83 24.80
2018-03-28 17:07:46 209.00 19.00 24.81 25.79 24.80
2018-03-28 17:07:48 209.00 19.00 24.85 25.79 24.80
2018-03-28 17:07:49 210.00 19.00 24.75 25.79 24.80
2018-03-28 17:07:50 211.00 19.00 24.71 25.83 24.80
2018-03-28 17:07:51 210.00 19.00 24.71 25.83 24.80
2018-03-28 17:07:52 212.00 19.00 24.67 25.79 24.80
2018-03-28 17:07:53 211.00 19.00 24.67 25.79 24.80
2018-03-28 17:07:55 211.00 19.10 24.67 25.83 24.80
2018-03-28 17:07:56 213.00 19.10 24.71 25.83 24.80
2018-03-28 17:07:57 213.00 19.00 24.67 25.79 24.80
2018-03-28 17:07:58 216.00 19.00 24.75 25.83 24.80
2018-03-28 17:07:59 215.00 19.00 24.75 25.83 24.80
2018-03-28 17:08:00 186.00 19.00 24.75 25.83 24.80
2018-03-28 17:08:02 185.00 19.00 24.71 25.83 24.80
2018-03-28 17:08:03 183.00 19.00 24.75 25.83 24.80
2018-03-28 17:08:04 161.00 19.00 24.67 25.83 24.80
2018-03-28 17:08:05 178.00 19.00 24.71 25.79 24.80
2018-03-28 17:08:06 182.00 19.00 24.71 25.83 24.80
2018-03-28 17:08:07 183.00 19.00 24.75 25.79 24.80
2018-03-28 17:08:08 166.00 19.00 24.71 25.79 24.80
2018-03-28 17:08:09 182.00 19.00 24.75 25.83 24.80
2018-03-28 17:08:11 199.00 19.00 24.75 25.79 24.80
2018-03-28 17:08:12 180.00 19.00 24.67 25.83 24.80
2018-03-28 17:08:13 184.00 18.90 24.67 25.79 24.80
2018-03-28 17:08:14 187.00 18.90 24.71 25.83 24.80
2018-03-28 17:08:15 197.00 18.90 24.67 25.79 24.80
2018-03-28 17:08:16 193.00 18.90 24.67 25.79 24.80
2018-03-28 17:08:18 193.00 18.90 24.67 25.83 24.80
2018-03-28 17:08:19 183.00 18.90 24.67 25.83 24.80
2018-03-28 17:08:20 164.00 18.80 24.67 25.79 24.80
2018-03-28 17:08:21 186.00 18.80 24.67 25.79 24.80
2018-03-28 17:08:22 172.00 18.80 24.67 25.79 24.80
2018-03-28 17:08:23 166.00 18.80 24.61 25.79 24.80
2018-03-28 17:08:25 159.00 18.80 24.61 25.79 24.80
2018-03-28 17:08:26 179.00 18.80 24.57 25.83 24.80
2018-03-28 17:08:27 193.00 18.80 24.61 25.83 24.80
2018-03-28 17:08:28 210.00 18.80 24.57 25.79 24.80
2018-03-28 17:08:29 164.00 18.80 24.57 25.79 24.80
2018-03-28 17:08:30 167.00 18.80 24.57 25.79 24.80
2018-03-28 17:08:32 200.00 18.80 24.47 25.79 24.80
2018-03-28 17:08:33 188.00 18.80 24.51 25.79 24.80
2018-03-28 17:08:34 209.00 18.80 24.51 25.79 24.80
2018-03-28 17:08:35 213.00 18.80 24.51 25.79 24.80
2018-03-28 17:08:36 213.00 18.70 24.57 25.79 24.80
2018-03-28 17:08:37 210.00 18.70 24.57 25.79 24.80
2018-03-28 17:08:39 211.00 18.70 24.57 25.79 24.80
2018-03-28 17:08:40 209.00 18.70 24.61 25.83 24.80
2018-03-28 17:08:41 207.00 18.60 24.61 25.79 24.80
2018-03-28 17:08:42 205.00 18.60 24.57 25.79 24.80
2018-03-28 17:08:43 207.00 18.60 24.57 25.83 24.80
2018-03-28 17:08:44 209.00 18.60 24.61 25.79 24.80
2018-03-28 17:08:46 209.00 18.60 24.61 25.79 24.80
2018-03-28 17:08:47 207.00 18.60 24.57 25.75 24.80
2018-03-28 17:08:48 210.00 18.50 24.61 25.79 24.80
2018-03-28 17:08:49 209.00 18.50 24.61 25.79 24.80
2018-03-28 17:08:50 206.00 18.50 24.61 25.79 24.80
2018-03-28 17:08:51 205.00 18.50 24.61 25.79 24.80
2018-03-28 17:08:52 205.00 18.50 24.57 25.79 24.80
2018-03-28 17:08:53 209.00 18.50 24.61 25.79 24.80
2018-03-28 17:08:55 210.00 18.50 24.67 25.79 24.80
2018-03-28 17:08:56 210.00 18.50 24.61 25.75 24.80
2018-03-28 17:08:57 210.00 18.40 24.67 25.79 24.80
2018-03-28 17:08:58 211.00 18.40 24.67 25.79 24.80
2018-03-28 17:08:59 213.00 18.40 24.67 25.79 24.80
2018-03-28 17:09:00 214.00 18.40 24.67 25.79 24.80
2018-03-28 17:09:02 214.00 18.40 24.67 25.79 24.80
2018-03-28 17:09:03 214.00 18.40 24.67 25.79 24.80
2018-03-28 17:09:04 215.00 18.40 24.61 25.75 24.80
2018-03-28 17:09:05 217.00 18.40 24.67 25.79 24.80
2018-03-28 17:09:06 217.00 18.40 24.67 25.75 24.80
2018-03-28 17:09:07 219.00 18.40 24.67 25.75 24.80
2018-03-28 17:09:09 217.00 18.40 24.67 25.79 24.80
2018-03-28 17:09:10 217.00 18.40 24.67 25.79 24.80
2018-03-28 17:09:11 218.00 18.30 24.67 25.79 24.70
2018-03-28 17:09:12 218.00 18.30 24.61 25.75 24.70
2018-03-28 17:09:13 219.00 18.30 24.67 25.75 24.70
2018-03-28 17:09:14 220.00 18.30 24.61 25.75 24.70
2018-03-28 17:09:16 221.00 18.30 24.61 25.75 24.70
2018-03-28 17:09:17 221.00 18.30 24.61 25.75 24.70
2018-03-28 17:09:18 222.00 18.40 24.61 25.75 24.80
2018-03-28 17:09:19 223.00 18.40 24.61 25.75 24.80
2018-03-28 17:09:20 222.00 18.40 24.61 25.75 24.70
2018-03-28 17:09:21 223.00 18.40 24.61 25.75 24.70
2018-03-28 17:09:23 224.00 18.40 24.67 25.75 24.70
2018-03-28 17:09:24 225.00 18.40 24.61 25.75 24.70
2018-03-28 17:09:25 226.00 18.40 24.61 25.75 24.70
2018-03-28 17:09:26 228.00 18.40 24.61 25.75 24.70
2018-03-28 17:09:27 227.00 18.40 24.61 25.75 24.70
2018-03-28 17:09:28 229.00 18.40 24.61 25.75 24.70
2018-03-28 17:09:29 230.00 18.40 24.61 25.75 24.70
2018-03-28 17:09:31 230.00 18.40 24.61 25.75 24.70
2018-03-28 17:09:32 231.00 18.40 24.67 25.75 24.70
2018-03-28 17:09:33 230.00 18.40 24.67 25.75 24.70
2018-03-28 17:09:34 225.00 18.40 24.67 25.79 24.70
2018-03-28 17:09:35 224.00 18.40 24.67 25.71 24.70
2018-03-28 17:09:36 221.00 18.40 24.61 25.75 24.80
2018-03-28 17:09:37 213.00 18.40 24.67 25.75 24.80
2018-03-28 17:09:39 204.00 18.30 24.67 25.75 24.70
2018-03-28 17:09:40 199.00 18.30 24.61 25.75 24.70
2018-03-28 17:09:41 198.00 18.30 24.61 25.75 24.70
2018-03-28 17:09:42 203.00 18.30 24.61 25.75 24.70
2018-03-28 17:09:43 205.00 18.30 24.61 25.71 24.70
2018-03-28 17:09:44 209.00 18.30 24.61 25.75 24.70
2018-03-28 17:09:46 217.00 18.20 24.57 25.75 24.70
2018-03-28 17:09:47 228.00 18.20 24.57 25.75 24.70
2018-03-28 17:09:48 231.00 18.20 24.57 25.75 24.70
2018-03-28 17:09:49 232.00 18.20 24.67 25.75 24.70
2018-03-28 17:09:50 229.00 18.20 25.43 25.75 24.70
2018-03-28 17:09:51 231.00 18.20 25.53 25.75 24.70
2018-03-28 17:09:53 231.00 18.20 25.57 25.75 24.70
2018-03-28 17:09:54 231.00 18.20 25.57 25.71 24.70
2018-03-28 17:09:55 221.00 18.10 25.63 25.75 24.70
2018-03-28 17:09:56 177.00 18.10 25.63 25.75 24.70
2018-03-28 17:09:57 178.00 18.10 25.63 25.71 24.70
2018-03-28 17:09:58 177.00 18.10 25.63 25.71 24.70
2018-03-28 17:10:00 201.00 18.10 25.67 25.71 24.70
2018-03-28 17:10:01 189.00 18.10 25.71 25.71 24.70
2018-03-28 17:10:02 186.00 18.20 25.67 25.71 24.80
2018-03-28 17:10:03 186.00 18.20 25.67 25.75 24.80
2018-03-28 17:10:04 213.00 18.10 25.63 25.71 24.70
2018-03-28 17:10:05 228.00 18.10 25.67 25.75 24.70
2018-03-28 17:10:07 224.00 18.10 25.67 25.71 24.70
2018-03-28 17:10:08 231.00 18.10 25.63 25.71 24.70
2018-03-28 17:10:09 232.00 18.20 25.63 25.71 24.80
2018-03-28 17:10:10 234.00 18.20 25.67 25.75 24.80
2018-03-28 17:10:11 223.00 18.10 26.61 25.71 24.70
2018-03-28 17:10:12 236.00 18.10 26.35 25.75 24.70
2018-03-28 17:10:13 242.00 18.10 25.77 25.75 24.70
2018-03-28 17:10:14 245.00 18.10 25.63 25.75 24.70
2018-03-28 17:10:16 239.00 18.10 25.15 25.75 24.70
2018-03-28 17:10:17 242.00 18.10 25.19 25.75 24.70
2018-03-28 17:10:18 240.00 18.10 25.09 25.71 24.70
2018-03-28 17:10:19 242.00 18.10 25.15 25.71 24.70
2018-03-28 17:10:20 244.00 18.10 25.15 25.71 24.70
2018-03-28 17:10:21 215.00 18.10 25.19 25.71 24.70
2018-03-28 17:10:23 225.00 18.10 25.47 25.75 24.70
2018-03-28 17:10:24 234.00 18.10 25.15 25.71 24.70
2018-03-28 17:10:25 243.00 18.20 25.15 25.75 24.70
2018-03-28 17:10:26 243.00 18.20 25.15 25.71 24.70
2018-03-28 17:10:27 243.00 18.20 25.19 25.71 24.70
2018-03-28 17:10:28 244.00 18.20 25.43 25.71 24.70
2018-03-28 17:10:30 244.00 18.20 25.63 25.71 24.70
2018-03-28 17:10:31 244.00 18.20 25.63 25.75 24.70
2018-03-28 17:10:32 244.00 18.20 25.57 25.75 24.70
2018-03-28 17:10:33 246.00 18.20 25.57 25.71 24.70
2018-03-28 17:10:34 248.00 18.20 25.63 25.71 24.70
2018-03-28 17:10:35 249.00 18.20 25.67 25.75 24.70
2018-03-28 17:10:37 251.00 18.20 25.67 25.75 24.70
2018-03-28 17:10:38 251.00 18.20 25.67 25.75 24.70
2018-03-28 17:10:39 252.00 18.30 25.71 25.75 24.70
2018-03-28 17:10:40 253.00 18.30 25.71 25.71 24.70
2018-03-28 17:10:41 251.00 18.30 25.71 25.71 24.70
2018-03-28 17:10:42 243.00 18.30 25.71 25.75 24.70
2018-03-28 17:10:44 239.00 18.40 25.71 25.75 24.70
2018-03-28 17:10:45 237.00 18.40 25.71 25.75 24.70
2018-03-28 17:10:46 240.00 18.40 25.67 25.75 24.70
2018-03-28 17:10:47 246.00 18.40 25.67 25.75 24.70
2018-03-28 17:10:48 247.00 18.50 25.63 25.75 24.70
2018-03-28 17:10:49 253.00 18.50 25.63 25.75 24.70
2018-03-28 17:10:51 254.00 18.60 25.67 25.75 24.80
2018-03-28 17:10:52 253.00 18.60 25.57 25.75 24.80
2018-03-28 17:10:53 253.00 18.60 25.47 25.75 24.70
2018-03-28 17:10:54 251.00 18.60 25.57 25.75 24.70
2018-03-28 17:10:55 253.00 18.60 25.57 25.75 24.70
2018-03-28 17:10:56 259.00 18.60 25.57 25.75 24.70
2018-03-28 17:10:57 260.00 18.70 25.53 25.75 24.70
2018-03-28 17:10:58 249.00 18.70 25.53 25.75 24.70
2018-03-28 17:11:00 251.00 18.90 25.53 25.75 24.80
2018-03-28 17:11:01 256.00 18.90 25.53 25.75 24.80
2018-03-28 17:11:02 254.00 19.00 25.53 25.75 24.70
2018-03-28 17:11:03 253.00 19.00 25.53 25.75 24.70
2018-03-28 17:11:04 252.00 19.10 25.53 25.75 24.70
2018-03-28 17:11:05 251.00 19.10 25.53 25.75 24.70
2018-03-28 17:11:07 250.00 19.20 25.53 25.75 24.70
2018-03-28 17:11:08 262.00 19.20 25.47 25.75 24.70
2018-03-28 17:11:09 266.00 19.20 25.53 25.79 24.70
2018-03-28 17:11:10 271.00 19.20 25.53 25.75 24.70
2018-03-28 17:11:11 269.00 19.30 25.53 25.75 24.70
2018-03-28 17:11:12 272.00 19.30 25.47 25.75 24.70
2018-03-28 17:11:14 274.00 19.40 25.47 25.75 24.70
2018-03-28 17:11:15 271.00 19.40 25.47 25.75 24.70
2018-03-28 17:11:16 267.00 19.40 25.53 25.75 24.70
2018-03-28 17:11:17 270.00 19.40 25.67 25.75 24.70
2018-03-28 17:11:18 274.00 19.40 25.71 25.75 24.70
2018-03-28 17:11:19 277.00 19.40 25.67 25.75 24.70
2018-03-28 17:11:21 279.00 19.40 25.19 25.75 24.70
2018-03-28 17:11:22 279.00 19.40 25.19 25.75 24.70
2018-03-28 17:11:23 282.00 19.50 25.15 25.75 24.70
2018-03-28 17:11:24 283.00 19.50 25.19 25.75 24.70
2018-03-28 17:11:25 283.00 19.50 25.15 25.75 24.70
2018-03-28 17:11:26 283.00 19.50 25.19 25.75 24.70
2018-03-28 17:11:28 283.00 19.50 25.23 25.75 24.70
2018-03-28 17:11:29 286.00 19.50 25.23 25.75 24.70
2018-03-28 17:11:30 286.00 19.50 25.19 25.75 24.70
2018-03-28 17:11:31 286.00 19.50 25.19 25.75 24.70
2018-03-28 17:11:32 287.00 19.50 25.23 25.79 24.80
2018-03-28 17:11:33 287.00 19.50 25.29 25.75 24.80
2018-03-28 17:11:34 286.00 19.40 25.23 25.75 24.70
2018-03-28 17:11:36 287.00 19.40 25.19 25.79 24.70
2018-03-28 17:11:37 288.00 19.40 25.19 25.75 24.70
2018-03-28 17:11:38 288.00 19.40 25.23 25.79 24.70
2018-03-28 17:11:39 288.00 19.40 25.19 25.75 24.70
2018-03-28 17:11:40 287.00 19.40 25.19 25.75 24.70
2018-03-28 17:11:41 284.00 19.50 25.23 25.75 24.80
2018-03-28 17:11:42 281.00 19.50 25.19 25.75 24.80
2018-03-28 17:11:44 282.00 19.40 25.23 25.79 24.70
2018-03-28 17:11:45 282.00 19.40 25.19 25.75 24.70
2018-03-28 17:11:46 278.00 19.40 25.19 25.79 24.80
2018-03-28 17:11:47 279.00 19.40 25.23 25.79 24.80
2018-03-28 17:11:48 278.00 19.40 25.53 25.79 24.70
2018-03-28 17:11:49 275.00 19.40 25.57 25.79 24.70
2018-03-28 17:11:51 254.00 19.30 25.57 25.79 24.70
2018-03-28 17:11:52 250.00 19.30 25.53 25.79 24.70
2018-03-28 17:11:53 252.00 19.40 25.53 25.79 24.80
2018-03-28 17:11:54 257.00 19.40 25.43 25.75 24.80
2018-03-28 17:11:55 258.00 19.30 25.47 25.75 24.80
2018-03-28 17:11:56 264.00 19.30 25.43 25.79 24.80
2018-03-28 17:11:58 269.00 19.30 25.47 25.79 24.80
2018-03-28 17:11:59 268.00 19.30 25.47 25.75 24.80
2018-03-28 17:12:00 269.00 19.30 25.47 25.75 24.80
2018-03-28 17:12:01 268.00 19.30 25.95 25.79 24.80
2018-03-28 17:12:02 267.00 19.10 25.57 25.79 24.70
2018-03-28 17:12:03 265.00 19.10 25.57 25.79 24.70
2018-03-28 17:12:05 265.00 19.10 25.53 25.79 24.70
2018-03-28 17:12:06 264.00 19.10 25.43 25.79 24.70
2018-03-28 17:12:07 262.00 19.20 25.39 25.79 24.80
2018-03-28 17:12:08 262.00 19.20 25.39 25.79 24.80
2018-03-28 17:12:09 261.00 19.10 25.33 25.79 24.70
2018-03-28 17:12:10 264.00 19.10 25.29 25.75 24.70
2018-03-28 17:12:12 264.00 19.10 25.33 25.79 24.70
2018-03-28 17:12:13 264.00 19.10 25.39 25.79 24.70
2018-03-28 17:12:14 264.00 19.20 25.39 25.79 24.80
2018-03-28 17:12:15 264.00 19.20 25.39 25.79 24.80
2018-03-28 17:12:16 263.00 19.10 25.39 25.79 24.70
2018-03-28 17:12:17 261.00 19.10 25.33 25.79 24.70
2018-03-28 17:12:18 259.00 19.10 25.29 25.79 24.80
2018-03-28 17:12:20 259.00 19.10 25.33 25.79 24.80
2018-03-28 17:12:21 259.00 19.10 25.47 25.79 24.80
2018-03-28 17:12:22 258.00 19.10 25.47 25.79 24.80
2018-03-28 17:12:23 257.00 19.10 25.47 25.79 24.80
2018-03-28 17:12:24 255.00 19.10 25.47 25.79 24.80
2018-03-28 17:12:25 256.00 19.10 25.53 25.79 24.80
2018-03-28 17:12:26 254.00 19.10 25.47 25.79 24.80
2018-03-28 17:12:28 253.00 19.10 25.53 25.79 24.80
2018-03-28 17:12:29 251.00 19.10 25.57 25.79 24.80
2018-03-28 17:12:30 249.00 19.10 25.53 25.75 24.80
2018-03-28 17:12:31 248.00 19.10 25.57 25.79 24.80
2018-03-28 17:12:32 248.00 19.20 25.63 25.79 24.80
2018-03-28 17:12:33 246.00 19.20 25.63 25.79 24.80
2018-03-28 17:12:35 245.00 19.20 25.57 25.79 24.80
2018-03-28 17:12:36 244.00 19.20 25.63 25.79 24.80
2018-03-28 17:12:37 244.00 19.20 25.57 25.79 24.80
2018-03-28 17:12:38 242.00 19.20 25.57 25.83 24.80
2018-03-28 17:12:39 241.00 19.20 25.57 25.79 24.80
2018-03-28 17:12:40 240.00 19.20 25.63 25.83 24.80
2018-03-28 17:12:42 237.00 19.20 25.57 25.79 24.80
2018-03-28 17:12:43 232.00 19.20 25.53 25.83 24.80
2018-03-28 17:12:44 214.00 19.20 25.53 25.83 24.80
2018-03-28 17:12:45 188.00 19.20 25.53 25.83 24.80
2018-03-28 17:12:46 185.00 19.20 25.63 25.79 24.80
2018-03-28 17:12:47 202.00 19.20 25.29 25.79 24.80
2018-03-28 17:12:49 222.00 19.20 25.33 25.83 24.80
2018-03-28 17:12:50 232.00 19.20 25.33 25.83 24.80
2018-03-28 17:12:51 231.00 19.20 25.47 25.79 24.80
2018-03-28 17:12:52 229.00 19.20 25.67 25.83 24.80
2018-03-28 17:12:53 226.00 19.20 26.39 25.83 24.80
2018-03-28 17:12:54 230.00 19.20 25.77 25.83 24.80
2018-03-28 17:12:56 228.00 19.20 25.67 25.83 24.80
2018-03-28 17:12:57 227.00 19.20 25.63 25.83 24.80
2018-03-28 17:12:58 227.00 19.20 25.63 25.79 24.80
2018-03-28 17:12:59 229.00 19.20 25.63 25.79 24.80
2018-03-28 17:13:00 230.00 19.10 25.63 25.83 24.80
2018-03-28 17:13:01 233.00 19.10 25.57 25.83 24.80
2018-03-28 17:13:02 235.00 19.10 25.47 25.83 24.80
2018-03-28 17:13:03 237.00 19.10 25.47 25.83 24.80
2018-03-28 17:13:05 238.00 19.10 25.33 25.83 24.80
2018-03-28 17:13:06 237.00 19.10 25.33 25.79 24.80
2018-03-28 17:13:07 237.00 19.00 25.29 25.79 24.70
2018-03-28 17:13:08 236.00 19.00 25.39 25.79 24.70
2018-03-28 17:13:09 238.00 19.00 25.43 25.79 24.80
2018-03-28 17:13:10 237.00 19.00 25.53 25.83 24.80
2018-03-28 17:13:12 237.00 19.00 25.47 25.83 24.80
2018-03-28 17:13:13 238.00 19.00 25.53 25.79 24.80
2018-03-28 17:13:14 238.00 19.00 25.53 25.83 24.80
2018-03-28 17:13:15 238.00 19.00 25.53 25.79 24.80
2018-03-28 17:13:16 237.00 19.00 25.39 25.83 24.80
2018-03-28 17:13:17 237.00 19.00 25.15 25.83 24.80
2018-03-28 17:13:19 238.00 19.00 25.29 25.83 24.80
2018-03-28 17:13:20 237.00 19.00 25.15 25.79 24.80
2018-03-28 17:13:21 237.00 19.00 25.19 25.79 24.80
2018-03-28 17:13:22 237.00 19.00 24.85 25.83 24.80
2018-03-28 17:13:23 237.00 19.00 24.81 25.79 24.80
2018-03-28 17:13:24 237.00 19.00 24.81 25.79 24.80
2018-03-28 17:13:26 238.00 19.00 24.75 25.79 24.80
2018-03-28 17:13:27 237.00 19.00 24.75 25.79 24.80
2018-03-28 17:13:28 237.00 19.10 24.75 25.83 24.80
2018-03-28 17:13:29 237.00 19.10 24.75 25.83 24.80
2018-03-28 17:13:30 236.00 19.10 24.71 25.83 24.80
2018-03-28 17:13:31 235.00 19.10 24.75 25.83 24.80
2018-03-28 17:13:33 235.00 19.10 24.71 25.79 24.80
2018-03-28 17:13:34 235.00 19.10 24.75 25.83 24.80
2018-03-28 17:13:35 235.00 19.10 24.75 25.83 24.80
2018-03-28 17:13:36 234.00 19.10 24.75 25.83 24.80
2018-03-28 17:13:37 234.00 19.10 24.75 25.83 24.80
2018-03-28 17:13:38 234.00 19.10 24.75 25.83 24.80
2018-03-28 17:13:40 233.00 19.10 24.75 25.83 24.80
2018-03-28 17:13:41 233.00 19.10 24.71 25.83 24.80
2018-03-28 17:13:42 232.00 19.10 24.75 25.83 24.80
2018-03-28 17:13:43 231.00 19.10 24.75 25.83 24.80
2018-03-28 17:13:44 230.00 19.10 24.71 25.79 24.80
2018-03-28 17:13:45 229.00 19.10 24.71 25.83 24.80
2018-03-28 17:13:46 228.00 19.10 24.75 25.83 24.80
2018-03-28 17:13:47 226.00 19.10 24.75 25.83 24.80
2018-03-28 17:13:49 225.00 19.10 24.75 25.83 24.80
2018-03-28 17:13:50 224.00 19.10 24.75 25.83 24.80
2018-03-28 17:13:51 226.00 19.10 24.75 25.83 24.80
2018-03-28 17:13:52 227.00 19.10 24.71 25.83 24.80
2018-03-28 17:13:53 226.00 19.10 24.75 25.83 24.80
2018-03-28 17:13:54 228.00 19.10 24.75 25.83 24.80
2018-03-28 17:13:56 227.00 19.10 24.75 25.83 24.80
2018-03-28 17:13:57 228.00 19.10 24.71 25.83 24.80
2018-03-28 17:13:58 229.00 19.00 24.75 25.83 24.80
2018-03-28 17:13:59 229.00 19.00 24.75 25.83 24.80
2018-03-28 17:14:00 230.00 19.00 24.75 25.83 24.80
2018-03-28 17:14:01 229.00 19.00 24.75 25.83 24.80
2018-03-28 17:14:03 231.00 19.00 24.75 25.83 24.80
2018-03-28 17:14:04 231.00 19.00 24.81 25.83 24.80
2018-03-28 17:14:05 231.00 19.00 24.71 25.83 24.80
2018-03-28 17:14:06 232.00 19.00 24.71 25.83 24.80
2018-03-28 17:14:07 231.00 18.90 24.67 25.79 24.80
2018-03-28 17:14:08 231.00 18.90 24.75 25.83 24.80
2018-03-28 17:14:10 232.00 18.90 24.71 25.83 24.80
2018-03-28 17:14:11 232.00 18.90 24.71 25.83 24.80
2018-03-28 17:14:12 233.00 18.80 24.67 25.79 24.80
2018-03-28 17:14:13 235.00 18.80 24.75 25.83 24.80
2018-03-28 17:14:14 235.00 18.80 24.75 25.83 24.80
2018-03-28 17:14:15 236.00 18.80 24.75 25.83 24.80
2018-03-28 17:14:17 237.00 18.80 24.75 25.83 24.80
2018-03-28 17:14:18 239.00 18.80 24.75 25.83 24.80
2018-03-28 17:14:19 238.00 18.80 24.75 25.83 24.80
2018-03-28 17:14:20 240.00 18.80 24.75 25.83 24.80
2018-03-28 17:14:21 240.00 18.80 24.75 25.83 24.80
2018-03-28 17:14:22 240.00 18.80 24.75 25.83 24.80
2018-03-28 17:14:23 239.00 18.70 24.75 25.83 24.80
2018-03-28 17:14:25 239.00 18.70 24.75 25.83 24.80
2018-03-28 17:14:26 239.00 18.70 24.75 25.83 24.80
2018-03-28 17:14:27 240.00 18.70 24.75 25.83 24.80
2018-03-28 17:14:28 241.00 18.70 24.75 25.83 24.80
2018-03-28 17:14:29 241.00 18.70 24.75 25.83 24.80
2018-03-28 17:14:30 241.00 18.70 24.75 25.83 24.80
2018-03-28 17:14:31 241.00 18.70 24.75 25.79 24.80
2018-03-28 17:14:33 241.00 18.60 24.75 25.83 24.80
2018-03-28 17:14:34 241.00 18.60 24.75 25.83 24.80
2018-03-28 17:14:35 241.00 18.60 24.75 25.83 24.80
2018-03-28 17:14:36 241.00 18.60 24.75 25.83 24.80
2018-03-28 17:14:37 241.00 18.60 24.75 25.83 24.80
2018-03-28 17:14:38 242.00 18.60 24.75 25.83 24.80
2018-03-28 17:14:40 242.00 18.60 24.75 25.83 24.80
2018-03-28 17:14:41 242.00 18.60 24.75 25.83 24.80
2018-03-28 17:14:42 241.00 18.60 24.75 25.83 24.80
2018-03-28 17:14:43 242.00 18.60 24.75 25.83 24.80
2018-03-28 17:14:44 242.00 18.50 24.75 25.83 24.80
2018-03-28 17:14:45 242.00 18.50 24.75 25.83 24.80
2018-03-28 17:14:47 243.00 18.50 24.75 25.83 24.80
2018-03-28 17:14:48 242.00 18.50 24.75 25.83 24.80
2018-03-28 17:14:49 243.00 18.50 24.75 25.83 24.80
2018-03-28 17:14:50 244.00 18.50 24.75 25.83 24.80
2018-03-28 17:14:51 243.00 18.50 24.75 25.83 24.80
2018-03-28 17:14:52 244.00 18.50 24.75 25.83 24.80
2018-03-28 17:14:54 244.00 18.50 24.75 25.83 24.80
2018-03-28 17:14:55 244.00 18.50 24.71 25.83 24.80
2018-03-28 17:14:56 244.00 18.50 24.75 25.83 24.80
2018-03-28 17:14:57 244.00 18.50 24.75 25.83 24.80
2018-03-28 17:14:58 245.00 18.50 24.75 25.83 24.80
2018-03-28 17:14:59 246.00 18.50 24.75 25.83 24.80
2018-03-28 17:15:01 246.00 18.40 24.75 25.83 24.80
2018-03-28 17:15:02 247.00 18.40 24.75 25.83 24.80
2018-03-28 17:15:03 249.00 18.40 24.75 25.83 24.80
2018-03-28 17:15:04 250.00 18.40 24.75 25.79 24.80
2018-03-28 17:15:05 249.00 18.40 24.75 25.83 24.80
2018-03-28 17:15:06 250.00 18.40 24.75 25.83 24.80
2018-03-28 17:15:07 249.00 18.40 24.75 25.83 24.80
2018-03-28 17:15:08 250.00 18.40 24.75 25.83 24.80
2018-03-28 17:15:10 252.00 18.40 24.75 25.83 24.80
2018-03-28 17:15:11 251.00 18.40 24.75 25.83 24.80
2018-03-28 17:15:12 252.00 18.40 24.75 25.83 24.80
2018-03-28 17:15:13 252.00 18.40 24.75 25.83 24.80
2018-03-28 17:15:14 252.00 18.40 24.71 25.79 24.80
2018-03-28 17:15:15 252.00 18.40 24.75 25.83 24.80
2018-03-28 17:15:17 250.00 18.30 24.75 25.83 24.80
2018-03-28 17:15:18 248.00 18.30 24.75 25.83 24.80
2018-03-28 17:15:19 250.00 18.30 24.75 25.79 24.80
2018-03-28 17:15:20 252.00 18.30 24.75 25.83 24.80
2018-03-28 17:15:21 252.00 18.30 24.75 25.83 24.80
2018-03-28 17:15:22 253.00 18.30 24.75 25.83 24.80
2018-03-28 17:15:24 254.00 18.30 24.71 25.83 24.80
2018-03-28 17:15:25 256.00 18.30 24.71 25.83 24.80
2018-03-28 17:15:26 257.00 18.30 24.71 25.79 24.80
2018-03-28 17:15:27 258.00 18.30 24.75 25.83 24.80
2018-03-28 17:15:28 259.00 18.30 24.71 25.83 24.80
2018-03-28 17:15:29 259.00 18.30 24.71 25.83 24.80
2018-03-28 17:15:31 259.00 18.30 24.71 25.83 24.80
2018-03-28 17:15:32 260.00 18.30 24.75 25.83 24.80
2018-03-28 17:15:33 262.00 18.30 24.75 25.83 24.80
2018-03-28 17:15:34 262.00 18.30 24.71 25.83 24.80
2018-03-28 17:15:35 262.00 18.20 24.75 25.83 24.80
2018-03-28 17:15:36 264.00 18.20 24.71 25.83 24.80
2018-03-28 17:15:38 263.00 18.20 24.75 25.83 24.80
2018-03-28 17:15:39 265.00 18.20 24.75 25.83 24.80
2018-03-28 17:15:40 265.00 18.20 24.75 25.83 24.80
2018-03-28 17:15:41 266.00 18.20 24.75 25.79 24.80
2018-03-28 17:15:42 267.00 18.20 24.75 25.83 24.80
2018-03-28 17:15:43 269.00 18.20 24.71 25.83 24.80
2018-03-28 17:15:45 268.00 18.20 24.71 25.83 24.80
2018-03-28 17:15:46 269.00 18.20 24.71 25.83 24.80
2018-03-28 17:15:47 270.00 18.20 24.71 25.83 24.80
2018-03-28 17:15:48 271.00 18.20 24.75 25.83 24.80
2018-03-28 17:15:49 271.00 18.30 24.81 25.83 24.80
2018-03-28 17:15:50 271.00 18.30 24.75 25.83 24.80
2018-03-28 17:15:51 271.00 18.30 24.75 25.83 24.80
2018-03-28 17:15:52 270.00 18.30 24.75 25.83 24.80
2018-03-28 17:15:54 271.00 18.30 24.81 25.83 24.80
2018-03-28 17:15:55 271.00 18.30 24.81 25.83 24.80
2018-03-28 17:15:56 272.00 18.30 24.81 25.83 24.80
2018-03-28 17:15:57 271.00 18.30 24.81 25.83 24.80
2018-03-28 17:15:58 271.00 18.30 24.81 25.83 24.80
2018-03-28 17:15:59 271.00 18.30 24.81 25.83 24.80
2018-03-28 17:16:01 273.00 18.30 24.81 25.83 24.80
2018-03-28 17:16:02 274.00 18.30 24.81 25.83 24.80
2018-03-28 17:16:03 275.00 18.30 24.81 25.83 24.80
2018-03-28 17:16:04 275.00 18.30 24.81 25.83 24.80
2018-03-28 17:16:05 276.00 18.30 24.81 25.83 24.80
2018-03-28 17:16:06 277.00 18.30 24.81 25.83 24.80
2018-03-28 17:16:08 277.00 18.40 24.81 25.83 24.80
2018-03-28 17:16:09 277.00 18.40 24.85 25.87 24.80
2018-03-28 17:16:10 278.00 18.40 24.75 25.83 24.80
2018-03-28 17:16:11 278.00 18.40 24.75 25.83 24.80
2018-03-28 17:16:12 278.00 18.30 24.75 25.83 24.80
2018-03-28 17:16:13 278.00 18.30 24.75 25.83 24.80
2018-03-28 17:16:15 278.00 18.30 24.75 25.83 24.80
2018-03-28 17:16:16 280.00 18.30 24.75 25.83 24.80
2018-03-28 17:16:17 279.00 18.30 24.75 25.83 24.80
2018-03-28 17:16:18 279.00 18.30 24.75 25.83 24.80
2018-03-28 17:16:19 280.00 18.30 24.81 25.79 24.80
2018-03-28 17:16:20 280.00 18.30 24.81 25.83 24.80
2018-03-28 17:16:22 280.00 18.30 24.81 25.83 24.80
2018-03-28 17:16:23 279.00 18.30 24.81 25.83 24.80
2018-03-28 17:16:24 278.00 18.30 24.81 25.83 24.80
2018-03-28 17:16:25 278.00 18.30 24.81 25.83 24.80
2018-03-28 17:16:26 278.00 18.30 24.81 25.83 24.80
2018-03-28 17:16:27 280.00 18.30 24.81 25.83 24.80
2018-03-28 17:16:29 280.00 18.30 24.81 25.83 24.80
2018-03-28 17:16:30 279.00 18.30 24.81 25.83 24.80
2018-03-28 17:16:31 279.00 18.30 24.81 25.83 24.80
2018-03-28 17:16:32 277.00 18.30 24.81 25.83 24.80
2018-03-28 17:16:33 277.00 18.30 24.81 25.83 24.80
2018-03-28 17:16:34 275.00 18.30 24.81 25.83 24.80
2018-03-28 17:16:35 272.00 18.20 24.75 25.83 24.80
2018-03-28 17:16:36 272.00 18.20 24.75 25.83 24.80
2018-03-28 17:16:38 271.00 18.20 24.75 25.83 24.80
2018-03-28 17:16:39 268.00 18.20 24.81 25.83 24.80
2018-03-28 17:16:40 267.00 18.20 24.81 25.83 24.80
2018-03-28 17:16:41 264.00 18.20 24.81 25.83 24.80
2018-03-28 17:16:42 261.00 18.20 24.75 25.83 24.80
2018-03-28 17:16:43 258.00 18.20 24.75 25.83 24.80
2018-03-28 17:16:45 257.00 18.20 24.75 25.83 24.80
2018-03-28 17:16:46 254.00 18.20 24.81 25.83 24.80
2018-03-28 17:16:47 253.00 18.20 24.75 25.83 24.80
2018-03-28 17:16:48 251.00 18.20 24.75 25.83 24.80
2018-03-28 17:16:49 250.00 18.20 24.75 25.83 24.80
2018-03-28 17:16:50 250.00 18.20 24.75 25.87 24.80
2018-03-28 17:16:52 252.00 18.20 24.75 25.83 24.80
2018-03-28 17:16:53 254.00 18.20 24.71 25.83 24.80
2018-03-28 17:16:54 255.00 18.20 24.75 25.83 24.80
2018-03-28 17:16:55 258.00 18.20 24.75 25.83 24.80
2018-03-28 17:16:56 260.00 18.20 24.75 25.83 24.80
2018-03-28 17:16:57 263.00 18.20 24.75 25.83 24.80
2018-03-28 17:16:59 265.00 18.20 24.75 25.83 24.80
2018-03-28 17:17:00 269.00 18.20 24.75 25.83 24.80
2018-03-28 17:17:01 271.00 18.30 24.75 25.83 24.80
2018-03-28 17:17:02 271.00 18.30 24.75 25.83 24.80
2018-03-28 17:17:03 273.00 18.30 24.75 25.83 24.80
2018-03-28 17:17:04 273.00 18.30 24.75 25.83 24.80
2018-03-28 17:17:06 273.00 18.30 24.75 25.83 24.80
2018-03-28 17:17:07 273.00 18.30 24.75 25.83 24.80
2018-03-28 17:17:08 273.00 18.30 24.75 25.83 24.80
2018-03-28 17:17:09 272.00 18.30 24.75 25.83 24.80
2018-03-28 17:17:10 273.00 18.30 24.75 25.83 24.80
2018-03-28 17:17:11 272.00 18.30 24.75 25.83 24.80
2018-03-28 17:17:12 272.00 18.30 24.75 25.83 24.80
2018-03-28 17:17:14 271.00 18.30 24.75 25.83 24.80
2018-03-28 17:17:15 271.00 18.40 24.75 25.83 24.80
2018-03-28 17:17:16 270.00 18.40 24.75 25.83 24.80
2018-03-28 17:17:17 269.00 18.30 24.81 25.83 24.80
2018-03-28 17:17:18 269.00 18.30 24.81 25.83 24.80
2018-03-28 17:17:19 267.00 18.30 24.75 25.83 24.80
2018-03-28 17:17:20 266.00 18.30 24.75 25.83 24.80
2018-03-28 17:17:22 261.00 18.30 24.75 25.87 24.80
2018-03-28 17:17:23 259.00 18.30 24.81 25.83 24.80
2018-03-28 17:17:24 260.00 18.30 24.75 25.83 24.80
2018-03-28 17:17:25 258.00 18.30 24.75 25.83 24.80
2018-03-28 17:17:26 259.00 18.30 24.75 25.83 24.80
2018-03-28 17:17:27 259.00 18.30 24.75 25.83 24.80
2018-03-28 17:17:29 260.00 18.30 24.75 25.79 24.80
2018-03-28 17:17:30 259.00 18.30 24.75 25.83 24.80
2018-03-28 17:17:31 259.00 18.30 24.75 25.83 24.80
2018-03-28 17:17:32 260.00 18.30 24.81 25.83 24.80
2018-03-28 17:17:33 259.00 18.30 24.75 25.83 24.80
2018-03-28 17:17:34 259.00 18.30 24.75 25.83 24.80
2018-03-28 17:17:36 256.00 18.30 24.75 25.83 24.80
2018-03-28 17:17:37 257.00 18.30 24.75 25.83 24.80
2018-03-28 17:17:38 256.00 18.30 24.75 25.83 24.80
2018-03-28 17:17:39 254.00 18.30 24.75 25.83 24.80
2018-03-28 17:17:40 254.00 18.30 24.75 25.83 24.80
2018-03-28 17:17:41 251.00 18.30 24.75 25.83 24.80
2018-03-28 17:17:43 251.00 18.30 24.75 25.83 24.80
2018-03-28 17:17:44 250.00 18.30 24.75 25.83 24.80
2018-03-28 17:17:45 249.00 18.30 24.75 25.83 24.80
2018-03-28 17:17:46 248.00 18.30 24.75 25.83 24.80
2018-03-28 17:17:47 248.00 18.40 24.75 25.83 24.80
2018-03-28 17:17:48 243.00 18.40 24.71 25.83 24.80
2018-03-28 17:17:50 244.00 18.40 24.75 25.83 24.80
2018-03-28 17:17:51 239.00 18.40 24.71 25.83 24.80
2018-03-28 17:17:52 239.00 18.50 24.67 25.83 24.80
2018-03-28 17:17:53 236.00 18.50 24.71 25.83 24.80
2018-03-28 17:17:54 223.00 18.50 24.71 25.79 24.80
2018-03-28 17:17:55 205.00 18.50 24.71 25.83 24.80
2018-03-28 17:17:56 176.00 18.50 24.71 25.83 24.80
2018-03-28 17:17:57 180.00 18.50 24.71 25.83 24.80
2018-03-28 17:17:59 184.00 18.50 24.71 25.83 24.80
2018-03-28 17:18:00 176.00 18.50 24.71 25.83 24.80
2018-03-28 17:18:01 200.00 18.50 24.67 25.79 24.80
2018-03-28 17:18:02 183.00 18.50 24.71 25.83 24.80
2018-03-28 17:18:03 185.00 18.50 24.67 25.83 24.80
2018-03-28 17:18:04 189.00 18.50 24.67 25.83 24.80
2018-03-28 17:18:06 204.00 18.50 24.67 25.83 24.80
2018-03-28 17:18:07 185.00 18.50 24.67 25.83 24.80
2018-03-28 17:18:08 190.00 18.60 24.61 25.83 24.80
2018-03-28 17:18:09 192.00 18.60 24.67 25.79 24.80
2018-03-28 17:18:10 182.00 18.60 24.61 25.83 24.80
2018-03-28 17:18:11 197.00 18.60 24.61 25.83 24.80
2018-03-28 17:18:13 204.00 18.60 24.61 25.79 24.90
2018-03-28 17:18:14 221.00 18.60 24.61 25.83 24.90
2018-03-28 17:18:15 221.00 18.60 24.61 25.83 24.80
2018-03-28 17:18:16 225.00 18.60 24.61 25.83 24.80
2018-03-28 17:18:17 223.00 18.60 24.57 25.83 24.80
2018-03-28 17:18:18 219.00 18.60 24.57 25.83 24.80
2018-03-28 17:18:20 231.00 18.60 24.57 25.83 24.90
2018-03-28 17:18:21 228.00 18.60 24.57 25.83 24.90
2018-03-28 17:18:22 236.00 18.60 24.51 25.79 24.80
2018-03-28 17:18:23 245.00 18.60 24.51 25.83 24.80
2018-03-28 17:18:24 247.00 18.60 24.57 25.83 24.80
2018-03-28 17:18:25 249.00 18.60 24.51 25.83 24.80
2018-03-28 17:18:27 256.00 18.60 24.51 25.79 24.80
2018-03-28 17:18:28 260.00 18.60 24.57 25.79 24.80
2018-03-28 17:18:29 262.00 18.50 24.57 25.83 24.80
2018-03-28 17:18:30 262.00 18.50 24.61 25.79 24.80
2018-03-28 17:18:31 263.00 18.50 24.67 25.79 24.80
2018-03-28 17:18:32 263.00 18.50 24.67 25.79 24.80
2018-03-28 17:18:34 266.00 18.50 24.61 25.79 24.80
2018-03-28 17:18:35 262.00 18.50 24.61 25.79 24.80
2018-03-28 17:18:36 260.00 18.50 24.67 25.79 24.80
2018-03-28 17:18:37 260.00 18.50 24.67 25.79 24.80
2018-03-28 17:18:38 259.00 18.60 24.61 25.79 24.90
2018-03-28 17:18:39 259.00 18.60 24.61 25.79 24.90
2018-03-28 17:18:40 261.00 18.60 24.67 25.79 24.90
2018-03-28 17:18:41 261.00 18.60 24.67 25.79 24.90
2018-03-28 17:18:43 257.00 18.50 24.67 25.79 24.90
2018-03-28 17:18:44 238.00 18.50 24.67 25.79 24.90
2018-03-28 17:18:45 243.00 18.50 24.67 25.79 24.80
2018-03-28 17:18:46 238.00 18.50 24.61 25.83 24.80
2018-03-28 17:18:47 243.00 18.50 24.61 25.79 24.80
2018-03-28 17:18:48 243.00 18.50 24.67 25.83 24.80
2018-03-28 17:18:50 246.00 18.50 24.67 25.79 24.80
2018-03-28 17:18:51 251.00 18.50 24.71 25.83 24.80
2018-03-28 17:18:52 251.00 18.60 24.67 25.79 24.90
2018-03-28 17:18:53 246.00 18.60 24.61 25.79 24.90
2018-03-28 17:18:54 248.00 18.60 24.61 25.79 24.80
2018-03-28 17:18:55 244.00 18.60 24.61 25.79 24.80
2018-03-28 17:18:57 242.00 18.70 24.67 25.79 24.90
2018-03-28 17:18:58 238.00 18.70 24.61 25.79 24.90
2018-03-28 17:18:59 234.00 18.60 24.61 25.79 24.80
2018-03-28 17:19:00 236.00 18.60 24.57 25.79 24.80
2018-03-28 17:19:01 243.00 18.60 24.57 25.75 24.80
2018-03-28 17:19:02 243.00 18.60 24.61 25.79 24.80
2018-03-28 17:19:04 246.00 18.60 24.61 25.79 24.80
2018-03-28 17:19:05 245.00 18.60 24.61 25.79 24.80
2018-03-28 17:19:06 248.00 18.70 24.61 25.79 24.80
2018-03-28 17:19:07 247.00 18.70 24.67 25.79 24.80
2018-03-28 17:19:08 246.00 18.70 24.67 25.75 24.80
2018-03-28 17:19:09 246.00 18.70 24.67 25.79 24.80
2018-03-28 17:19:11 245.00 18.70 24.67 25.79 24.80
2018-03-28 17:19:12 243.00 18.70 24.67 25.79 24.80
2018-03-28 17:19:13 244.00 18.70 24.67 25.79 24.80
2018-03-28 17:19:14 243.00 18.70 24.67 25.79 24.80
2018-03-28 17:19:15 245.00 18.70 24.67 25.79 24.90
2018-03-28 17:19:16 248.00 18.70 24.67 25.79 24.90
2018-03-28 17:19:17 247.00 18.60 24.71 25.79 24.80
2018-03-28 17:19:19 248.00 18.60 24.67 25.79 24.80
2018-03-28 17:19:20 249.00 18.70 24.67 25.79 24.90
2018-03-28 17:19:21 247.00 18.70 24.67 25.79 24.90
2018-03-28 17:19:22 245.00 18.60 24.71 25.79 24.80
2018-03-28 17:19:23 243.00 18.60 24.67 25.79 24.80
2018-03-28 17:19:24 242.00 18.60 24.67 25.75 24.80
2018-03-28 17:19:25 242.00 18.60 24.67 25.79 24.80
2018-03-28 17:19:27 242.00 18.60 24.67 25.79 24.80
2018-03-28 17:19:28 240.00 18.60 24.71 25.79 24.80
2018-03-28 17:19:29 239.00 18.70 24.67 25.79 24.90
2018-03-28 17:19:30 239.00 18.70 24.67 25.79 24.90
2018-03-28 17:19:31 240.00 18.60 24.61 25.75 24.80
2018-03-28 17:19:32 241.00 18.60 24.67 25.79 24.80
2018-03-28 17:19:34 241.00 18.60 24.67 25.79 24.90
2018-03-28 17:19:35 241.00 18.60 24.67 25.79 24.90
2018-03-28 17:19:36 240.00 18.50 24.67 25.79 24.80
2018-03-28 17:19:37 240.00 18.50 24.67 25.79 24.80
2018-03-28 17:19:38 242.00 18.50 24.67 25.79 24.80
2018-03-28 17:19:39 242.00 18.50 24.67 25.79 24.80
2018-03-28 17:19:41 242.00 18.60 24.67 25.79 24.90
2018-03-28 17:19:42 244.00 18.60 24.67 25.79 24.90
2018-03-28 17:19:43 246.00 18.50 24.61 25.75 24.80
2018-03-28 17:19:44 247.00 18.50 24.67 25.79 24.80
2018-03-28 17:19:45 247.00 18.50 24.67 25.79 24.90
2018-03-28 17:19:46 249.00 18.50 24.67 25.79 24.90
2018-03-28 17:19:48 249.00 18.50 24.67 25.79 24.80
2018-03-28 17:19:49 251.00 18.50 24.61 25.79 24.80
2018-03-28 17:19:50 252.00 18.50 24.61 25.79 24.80
2018-03-28 17:19:51 250.00 18.50 24.67 25.75 24.80
2018-03-28 17:19:52 249.00 18.40 24.67 25.79 24.80
2018-03-28 17:19:53 247.00 18.40 24.61 25.75 24.80
2018-03-28 17:19:55 247.00 18.40 24.67 25.79 24.80
2018-03-28 17:19:56 245.00 18.40 24.61 25.75 24.80
2018-03-28 17:19:57 245.00 18.40 24.71 25.79 24.80
2018-03-28 17:19:58 245.00 18.40 24.71 25.75 24.80
2018-03-28 17:19:59 245.00 18.30 24.67 25.75 24.80
2018-03-28 17:20:00 243.00 18.30 24.71 25.79 24.80
2018-03-28 17:20:01 241.00 18.30 24.67 25.75 24.80
2018-03-28 17:20:03 223.00 18.30 24.61 25.75 24.80
2018-03-28 17:20:04 229.00 18.30 24.67 25.75 24.80
2018-03-28 17:20:05 235.00 18.30 24.67 25.75 24.80
2018-03-28 17:20:06 234.00 18.30 24.67 25.75 24.80
2018-03-28 17:20:07 235.00 18.30 24.61 25.75 24.80
2018-03-28 17:20:08 230.00 18.30 24.67 25.75 24.80
2018-03-28 17:20:09 234.00 18.30 24.61 25.75 24.80
2018-03-28 17:20:11 234.00 18.30 24.61 25.79 24.80
2018-03-28 17:20:12 233.00 18.30 24.57 25.75 24.80
2018-03-28 17:20:13 231.00 18.30 24.61 25.75 24.80
2018-03-28 17:20:14 228.00 18.30 24.61 25.79 24.80
2018-03-28 17:20:15 233.00 18.30 24.61 25.75 24.80
2018-03-28 17:20:16 235.00 18.30 24.67 25.79 24.80
2018-03-28 17:20:18 238.00 18.30 24.61 25.75 24.80
2018-03-28 17:20:19 237.00 18.30 24.61 25.75 24.80
2018-03-28 17:20:20 236.00 18.30 24.67 25.75 24.80
2018-03-28 17:20:21 236.00 18.30 24.67 25.75 24.80
2018-03-28 17:20:22 235.00 18.20 24.67 25.75 24.80
2018-03-28 17:20:23 237.00 18.20 24.67 25.75 24.80
2018-03-28 17:20:25 238.00 18.20 24.67 25.75 24.80
2018-03-28 17:20:26 236.00 18.20 24.61 25.75 24.80
2018-03-28 17:20:27 238.00 18.20 24.61 25.75 24.80
2018-03-28 17:20:28 237.00 18.20 24.61 25.75 24.80
2018-03-28 17:20:29 237.00 18.20 24.61 25.75 24.80
2018-03-28 17:20:30 240.00 18.20 24.61 25.75 24.80
2018-03-28 17:20:32 242.00 18.30 24.61 25.75 24.80
2018-03-28 17:20:33 247.00 18.30 24.61 25.75 24.80
2018-03-28 17:20:34 252.00 18.30 24.67 25.75 24.80
2018-03-28 17:20:35 259.00 18.30 24.67 25.75 24.80
2018-03-28 17:20:36 266.00 18.30 24.67 25.79 24.80
2018-03-28 17:20:37 273.00 18.30 24.67 25.75 24.80
2018-03-28 17:20:39 279.00 18.30 24.61 25.75 24.80
2018-03-28 17:20:40 289.00 18.30 24.61 25.75 24.80
2018-03-28 17:20:41 294.00 18.30 24.61 25.75 24.80
2018-03-28 17:20:42 300.00 18.30 24.61 25.75 24.80
2018-03-28 17:20:43 303.00 18.30 24.61 25.75 24.80
2018-03-28 17:20:44 297.00 18.30 24.61 25.75 24.80
2018-03-28 17:20:45 296.00 18.40 24.61 25.75 24.80
2018-03-28 17:20:46 298.00 18.40 24.61 25.75 24.80
2018-03-28 17:20:48 299.00 18.30 24.61 25.75 24.80
2018-03-28 17:20:49 297.00 18.30 24.61 25.75 24.80
2018-03-28 17:20:50 296.00 18.40 24.67 25.75 24.80
2018-03-28 17:20:51 295.00 18.40 24.67 25.75 24.80
2018-03-28 17:20:52 297.00 18.40 24.71 25.75 24.80
2018-03-28 17:20:53 300.00 18.40 25.05 25.75 24.80
2018-03-28 17:20:55 304.00 18.40 25.81 25.75 24.80
2018-03-28 17:20:56 305.00 18.40 25.77 25.75 24.80
2018-03-28 17:20:57 308.00 18.30 25.71 25.75 24.80
2018-03-28 17:20:58 310.00 18.30 25.71 25.79 24.80
2018-03-28 17:20:59 310.00 18.40 25.71 25.75 24.80
2018-03-28 17:21:00 312.00 18.40 25.77 25.75 24.80
2018-03-28 17:21:02 313.00 18.50 25.23 25.75 24.80
2018-03-28 17:21:03 314.00 18.50 25.15 25.75 24.80
2018-03-28 17:21:04 312.00 18.60 25.15 25.75 24.80
2018-03-28 17:21:05 307.00 18.60 25.15 25.75 24.80
2018-03-28 17:21:06 306.00 18.70 25.15 25.75 24.80
2018-03-28 17:21:07 307.00 18.70 25.09 25.75 24.80
2018-03-28 17:21:09 305.00 18.90 25.09 25.75 24.80
2018-03-28 17:21:10 304.00 18.90 25.19 25.75 24.80
2018-03-28 17:21:11 302.00 19.00 24.85 25.75 24.80
2018-03-28 17:21:12 301.00 19.00 24.85 25.75 24.80
2018-03-28 17:21:13 297.00 19.10 24.85 25.75 24.80
2018-03-28 17:21:14 293.00 19.10 24.85 25.75 24.80
2018-03-28 17:21:16 290.00 19.20 24.85 25.75 24.80
2018-03-28 17:21:17 280.00 19.20 24.85 25.75 24.80
2018-03-28 17:21:18 277.00 19.30 24.85 25.75 24.80
2018-03-28 17:21:19 275.00 19.30 24.85 25.75 24.80
2018-03-28 17:21:20 275.00 19.40 24.91 25.75 24.80
2018-03-28 17:21:21 275.00 19.40 24.91 25.75 24.80
2018-03-28 17:21:23 275.00 19.40 24.85 25.75 24.80
2018-03-28 17:21:24 275.00 19.40 24.91 25.75 24.80
2018-03-28 17:21:25 274.00 19.50 24.91 25.75 24.80
2018-03-28 17:21:26 273.00 19.50 24.91 25.75 24.80
2018-03-28 17:21:27 271.00 19.50 24.99 25.75 24.80
2018-03-28 17:21:28 271.00 19.50 24.71 25.75 24.80
2018-03-28 17:21:29 272.00 19.50 24.67 25.75 24.80
2018-03-28 17:21:30 273.00 19.50 24.67 25.75 24.80
2018-03-28 17:21:32 275.00 19.50 24.67 25.75 24.80
2018-03-28 17:21:33 277.00 19.50 24.67 25.75 24.80
2018-03-28 17:21:34 279.00 19.50 24.67 25.75 24.80
2018-03-28 17:21:35 278.00 19.50 24.67 25.75 24.80
2018-03-28 17:21:36 280.00 19.50 24.67 25.75 24.80
2018-03-28 17:21:37 277.00 19.50 24.67 25.75 24.80
2018-03-28 17:21:39 277.00 19.50 24.61 25.75 24.80
2018-03-28 17:21:40 277.00 19.50 24.67 25.75 24.80
2018-03-28 17:21:41 276.00 19.50 24.67 25.75 24.80
2018-03-28 17:21:42 274.00 19.50 24.67 25.75 24.80
2018-03-28 17:21:43 270.00 19.40 24.67 25.75 24.80
2018-03-28 17:21:44 269.00 19.40 24.67 25.75 24.80
2018-03-28 17:21:46 268.00 19.40 24.67 25.75 24.80
2018-03-28 17:21:47 267.00 19.40 24.67 25.75 24.80
2018-03-28 17:21:48 267.00 19.40 24.67 25.75 24.80
2018-03-28 17:21:49 265.00 19.40 24.71 25.75 24.80
2018-03-28 17:21:50 263.00 19.30 24.71 25.75 24.80
2018-03-28 17:21:51 261.00 19.30 24.71 25.75 24.80
2018-03-28 17:21:53 258.00 19.30 24.71 25.75 24.80
2018-03-28 17:21:54 254.00 19.30 24.75 25.75 24.80
2018-03-28 17:21:55 252.00 19.20 24.71 25.75 24.80
2018-03-28 17:21:56 248.00 19.20 24.75 25.75 24.80
2018-03-28 17:21:57 248.00 19.20 24.75 25.75 24.80
2018-03-28 17:21:58 249.00 19.20 24.75 25.75 24.80
2018-03-28 17:22:00 246.00 19.20 24.75 25.71 24.80
2018-03-28 17:22:01 248.00 19.20 24.75 25.75 24.80
2018-03-28 17:22:02 245.00 19.10 24.75 25.75 24.80
2018-03-28 17:22:03 247.00 19.10 24.75 25.75 24.80
2018-03-28 17:22:04 248.00 19.10 24.71 25.75 24.80
2018-03-28 17:22:05 247.00 19.10 24.71 25.75 24.80
2018-03-28 17:22:06 251.00 19.10 24.71 25.75 24.80
2018-03-28 17:22:08 252.00 19.10 24.71 25.75 24.80
2018-03-28 17:22:09 247.00 19.00 24.67 25.75 24.80
2018-03-28 17:22:10 234.00 19.00 24.67 25.75 24.80
2018-03-28 17:22:11 236.00 19.00 24.61 25.75 24.80
2018-03-28 17:22:12 238.00 19.00 24.61 25.75 24.80
2018-03-28 17:22:13 239.00 19.00 24.61 25.75 24.80
2018-03-28 17:22:14 229.00 19.00 24.61 25.75 24.80
2018-03-28 17:22:16 235.00 19.00 24.61 25.75 24.80
2018-03-28 17:22:17 255.00 19.00 24.61 25.75 24.80
2018-03-28 17:22:18 260.00 19.00 24.61 25.75 24.80
2018-03-28 17:22:19 260.00 19.00 24.61 25.75 24.80
2018-03-28 17:22:20 260.00 19.00 24.61 25.71 24.80
2018-03-28 17:22:21 257.00 19.00 24.61 25.75 24.80
2018-03-28 17:22:23 258.00 19.00 24.61 25.75 24.80
2018-03-28 17:22:24 257.00 19.00 24.67 25.75 24.80
2018-03-28 17:22:25 273.00 19.00 24.67 25.75 24.80
2018-03-28 17:22:26 258.00 19.00 24.61 25.75 24.80
2018-03-28 17:22:27 210.00 19.00 24.61 25.71 24.80
2018-03-28 17:22:28 214.00 19.00 24.67 25.75 24.80
2018-03-28 17:22:30 250.00 19.00 24.67 25.75 24.80
2018-03-28 17:22:31 259.00 19.00 24.61 25.75 24.80
2018-03-28 17:22:32 254.00 19.00 24.61 25.75 24.80
2018-03-28 17:22:33 234.00 19.00 24.61 25.75 24.80
2018-03-28 17:22:34 243.00 19.00 24.61 25.75 24.80
2018-03-28 17:22:35 260.00 19.00 24.61 25.75 24.80
2018-03-28 17:22:37 269.00 19.00 24.61 25.75 24.80
2018-03-28 17:22:38 259.00 19.00 24.61 25.75 24.80
2018-03-28 17:22:39 265.00 18.90 24.61 25.71 24.80
2018-03-28 17:22:40 266.00 18.90 24.61 25.75 24.80
2018-03-28 17:22:41 282.00 18.90 24.61 25.75 24.80
2018-03-28 17:22:42 287.00 18.90 24.61 25.71 24.80
2018-03-28 17:22:44 291.00 18.90 24.61 25.75 24.80
2018-03-28 17:22:45 293.00 18.90 24.61 25.75 24.80
2018-03-28 17:22:46 292.00 18.90 24.61 25.75 24.80
2018-03-28 17:22:47 290.00 18.90 24.57 25.75 24.80
2018-03-28 17:22:48 288.00 18.90 24.57 25.71 24.80
2018-03-28 17:22:49 284.00 18.90 24.57 25.71 24.80
2018-03-28 17:22:50 267.00 18.90 24.61 25.71 24.80
2018-03-28 17:22:51 236.00 18.90 24.61 25.71 24.80
2018-03-28 17:22:53 236.00 18.90 24.61 25.71 24.80
2018-03-28 17:22:54 254.00 18.90 24.61 25.71 24.80
2018-03-28 17:22:55 248.00 18.90 24.67 25.75 24.80
2018-03-28 17:22:56 265.00 18.90 24.61 25.71 24.80
2018-03-28 17:22:57 258.00 18.80 24.61 25.71 24.80
2018-03-28 17:22:58 260.00 18.80 24.57 25.71 24.80
2018-03-28 17:23:00 254.00 18.80 24.57 25.75 24.80
2018-03-28 17:23:01 260.00 18.80 24.57 25.71 24.80
2018-03-28 17:23:02 242.00 18.80 24.57 25.71 24.80
2018-03-28 17:23:03 268.00 18.80 24.57 25.71 24.80
2018-03-28 17:23:04 276.00 18.80 24.57 25.71 24.80
2018-03-28 17:23:05 283.00 18.80 24.57 25.71 24.80
2018-03-28 17:23:07 287.00 18.80 24.57 25.71 24.80
2018-03-28 17:23:08 288.00 18.80 24.57 25.71 24.80
2018-03-28 17:23:09 291.00 18.70 24.57 25.71 24.80
2018-03-28 17:23:10 296.00 18.70 24.57 25.71 24.80
2018-03-28 17:23:11 297.00 18.70 24.61 25.71 24.80
2018-03-28 17:23:12 299.00 18.70 24.61 25.71 24.80
2018-03-28 17:23:14 304.00 18.70 24.61 25.71 24.80
2018-03-28 17:23:15 314.00 18.70 24.61 25.71 24.80
2018-03-28 17:23:16 318.00 18.70 24.61 25.71 24.80
2018-03-28 17:23:17 322.00 18.70 24.61 25.71 24.80
2018-03-28 17:23:18 321.00 18.60 24.61 25.71 24.80
2018-03-28 17:23:19 323.00 18.60 24.61 25.71 24.80
2018-03-28 17:23:21 323.00 18.60 24.67 25.71 24.80
2018-03-28 17:23:22 322.00 18.60 24.57 25.65 24.80
2018-03-28 17:23:23 322.00 18.60 24.67 25.71 24.80
2018-03-28 17:23:24 323.00 18.60 24.71 25.71 24.80
2018-03-28 17:23:25 324.00 18.60 24.71 25.71 24.80
2018-03-28 17:23:26 322.00 18.60 24.61 25.71 24.80
2018-03-28 17:23:28 322.00 18.50 24.71 25.71 24.80
2018-03-28 17:23:29 320.00 18.50 25.19 25.71 24.80
2018-03-28 17:23:30 320.00 18.50 25.29 25.65 24.80
2018-03-28 17:23:31 320.00 18.50 25.57 25.71 24.80
2018-03-28 17:23:32 319.00 18.50 25.47 25.71 24.80
2018-03-28 17:23:33 320.00 18.50 25.33 25.71 24.80
2018-03-28 17:23:34 318.00 18.50 25.43 25.71 24.80
2018-03-28 17:23:35 317.00 18.50 25.43 25.71 24.80
2018-03-28 17:23:37 315.00 18.50 25.47 25.71 24.80
2018-03-28 17:23:38 314.00 18.50 25.47 25.71 24.80
2018-03-28 17:23:39 312.00 18.40 25.47 25.65 24.80
2018-03-28 17:23:40 310.00 18.40 25.47 25.71 24.80
2018-03-28 17:23:41 309.00 18.40 25.47 25.71 24.80
2018-03-28 17:23:42 311.00 18.40 25.47 25.71 24.80
2018-03-28 17:23:44 313.00 18.40 25.47 25.71 24.70
2018-03-28 17:23:45 311.00 18.40 25.53 25.71 24.70
2018-03-28 17:23:46 312.00 18.40 25.43 25.71 24.80
2018-03-28 17:23:47 309.00 18.40 25.43 25.71 24.80
2018-03-28 17:23:48 270.00 18.40 25.57 25.71 24.80
2018-03-28 17:23:49 236.00 18.40 25.77 25.71 24.80
2018-03-28 17:23:51 275.00 18.40 25.81 25.71 24.80
2018-03-28 17:23:52 304.00 18.40 25.95 25.71 24.80
2018-03-28 17:23:53 235.00 18.40 25.57 25.71 24.80
2018-03-28 17:23:54 216.00 18.40 25.47 25.71 24.80
2018-03-28 17:23:55 274.00 18.50 25.43 25.71 24.80
2018-03-28 17:23:56 265.00 18.50 26.35 25.71 24.80
2018-03-28 17:23:58 276.00 18.50 26.43 25.71 24.80
2018-03-28 17:23:59 261.00 18.50 26.05 25.71 24.80
2018-03-28 17:24:00 261.00 18.40 25.81 25.71 24.70
2018-03-28 17:24:01 244.00 18.40 25.81 25.71 24.70
2018-03-28 17:24:02 255.00 18.50 25.87 25.71 24.80
2018-03-28 17:24:03 250.00 18.50 25.63 25.71 24.80
2018-03-28 17:24:05 241.00 18.50 25.53 25.71 24.70
2018-03-28 17:24:06 228.00 18.50 25.77 25.71 24.70
2018-03-28 17:24:07 244.00 18.50 24.99 25.71 24.80
2018-03-28 17:24:08 248.00 18.50 24.95 25.71 24.80
2018-03-28 17:24:09 249.00 18.50 24.95 25.71 24.80
2018-03-28 17:24:10 252.00 18.50 25.05 25.71 24.80
2018-03-28 17:24:11 263.00 18.50 25.47 25.71 24.80
2018-03-28 17:24:13 244.00 18.50 25.43 25.71 24.80
2018-03-28 17:24:14 257.00 18.50 25.47 25.71 24.80
2018-03-28 17:24:15 257.00 18.50 25.33 25.71 24.80
2018-03-28 17:24:16 269.00 18.50 25.09 25.71 24.80
2018-03-28 17:24:17 272.00 18.50 25.05 25.71 24.80
2018-03-28 17:24:18 275.00 18.50 24.99 25.71 24.80
2018-03-28 17:24:19 278.00 18.50 24.95 25.71 24.80
2018-03-28 17:24:21 277.00 18.50 24.99 25.71 24.80
2018-03-28 17:24:22 277.00 18.50 25.23 25.71 24.80
2018-03-28 17:24:23 279.00 18.50 24.57 25.71 24.80
2018-03-28 17:24:24 273.00 18.50 24.61 25.71 24.80
2018-03-28 17:24:25 256.00 18.50 24.57 25.71 24.80
2018-03-28 17:24:26 258.00 18.50 24.61 25.71 24.80
2018-03-28 17:24:28 243.00 18.50 24.61 25.71 24.80
2018-03-28 17:24:29 232.00 18.50 24.61 25.71 24.80
2018-03-28 17:24:30 242.00 18.50 24.61 25.71 24.80
2018-03-28 17:24:31 202.00 18.50 24.67 25.71 24.80
2018-03-28 17:24:32 216.00 18.50 24.51 25.71 24.80
2018-03-28 17:24:33 206.00 18.50 24.57 25.71 24.80
2018-03-28 17:24:35 217.00 18.50 24.57 25.65 24.80
2018-03-28 17:24:36 237.00 18.50 24.57 25.65 24.80
2018-03-28 17:24:37 222.00 18.50 24.57 25.71 24.80
2018-03-28 17:24:38 222.00 18.50 24.47 25.65 24.80
2018-03-28 17:24:39 230.00 18.50 24.47 25.65 24.80
2018-03-28 17:24:40 238.00 18.50 24.51 25.65 24.80
2018-03-28 17:24:42 248.00 18.50 24.51 25.71 24.80
2018-03-28 17:24:43 252.00 18.50 24.61 25.71 24.80
2018-03-28 17:24:44 250.00 18.50 24.51 25.65 24.80
2018-03-28 17:24:45 243.00 18.50 24.51 25.65 24.80
2018-03-28 17:24:46 239.00 18.40 24.57 25.71 24.80
2018-03-28 17:24:47 239.00 18.40 24.47 25.65 24.80
2018-03-28 17:24:49 235.00 18.40 24.47 25.65 24.80
2018-03-28 17:24:50 237.00 18.40 24.51 25.71 24.80
2018-03-28 17:24:51 246.00 18.40 24.61 25.71 24.70
2018-03-28 17:24:52 234.00 18.40 24.51 25.65 24.70
2018-03-28 17:24:53 241.00 18.40 24.47 25.65 24.80
2018-03-28 17:24:54 248.00 18.40 24.57 25.71 24.80
2018-03-28 17:24:55 244.00 18.40 24.43 25.65 24.80
2018-03-28 17:24:56 248.00 18.40 24.43 25.65 24.80
2018-03-28 17:24:58 251.00 18.40 24.37 25.65 24.80
2018-03-28 17:24:59 249.00 18.40 24.51 25.65 24.80
2018-03-28 17:25:00 250.00 18.40 24.43 25.65 24.80
2018-03-28 17:25:01 247.00 18.40 24.43 25.65 24.80
2018-03-28 17:25:02 250.00 18.40 24.43 25.65 24.80
2018-03-28 17:25:03 252.00 18.40 24.43 25.65 24.80
2018-03-28 17:25:05 254.00 18.30 24.37 25.61 24.80
2018-03-28 17:25:06 255.00 18.30 24.37 25.65 24.80
2018-03-28 17:25:07 256.00 18.30 24.37 25.61 24.70
2018-03-28 17:25:08 256.00 18.30 24.37 25.65 24.70
2018-03-28 17:25:09 253.00 18.30 24.43 25.61 24.80
2018-03-28 17:25:10 253.00 18.30 24.43 25.65 24.80
2018-03-28 17:25:12 254.00 18.30 24.43 25.61 24.80
2018-03-28 17:25:13 252.00 18.30 24.43 25.61 24.80
2018-03-28 17:25:14 251.00 18.20 24.47 25.61 24.70
2018-03-28 17:25:15 251.00 18.20 24.51 25.61 24.70
2018-03-28 17:25:16 248.00 18.20 24.51 25.61 24.70
2018-03-28 17:25:17 246.00 18.20 24.51 25.61 24.70
2018-03-28 17:25:19 247.00 18.20 24.57 25.61 24.80
2018-03-28 17:25:20 246.00 18.20 24.61 25.61 24.80
2018-03-28 17:25:21 249.00 18.20 24.61 25.61 24.80
2018-03-28 17:25:22 249.00 18.20 24.61 25.61 24.80
2018-03-28 17:25:23 251.00 18.10 24.57 25.61 24.70
2018-03-28 17:25:24 253.00 18.10 24.51 25.61 24.70
2018-03-28 17:25:26 257.00 18.10 24.57 25.57 24.70
2018-03-28 17:25:27 255.00 18.10 24.51 25.57 24.70
2018-03-28 17:25:28 260.00 18.20 24.51 25.61 24.80
2018-03-28 17:25:29 262.00 18.20 24.57 25.61 24.80
2018-03-28 17:25:30 262.00 18.10 24.51 25.61 24.70
2018-03-28 17:25:31 263.00 18.10 24.51 25.57 24.70
2018-03-28 17:25:33 261.00 18.00 24.57 25.57 24.70
2018-03-28 17:25:34 260.00 18.00 24.57 25.57 24.70
2018-03-28 17:25:35 260.00 18.00 24.71 25.57 24.70
2018-03-28 17:25:36 257.00 18.00 24.67 25.57 24.70
2018-03-28 17:25:37 256.00 18.00 24.67 25.57 24.70
2018-03-28 17:25:38 253.00 18.00 24.75 25.57 24.70
2018-03-28 17:25:39 251.00 18.00 24.85 25.57 24.70
2018-03-28 17:25:40 249.00 18.00 24.99 25.57 24.70
2018-03-28 17:25:42 248.00 18.00 24.71 25.57 24.70
2018-03-28 17:25:43 246.00 18.00 24.67 25.57 24.70
2018-03-28 17:25:44 246.00 17.90 24.67 25.57 24.70
2018-03-28 17:25:45 247.00 17.90 24.71 25.57 24.70
2018-03-28 17:25:46 250.00 17.90 24.71 25.57 24.70
2018-03-28 17:25:47 253.00 17.90 24.71 25.57 24.70
2018-03-28 17:25:49 254.00 18.00 24.67 25.53 24.70
2018-03-28 17:25:50 253.00 18.00 24.71 25.57 24.70
2018-03-28 17:25:51 250.00 18.00 24.71 25.57 24.70
2018-03-28 17:25:52 249.00 18.00 24.71 25.57 24.70
2018-03-28 17:25:53 247.00 18.00 24.71 25.57 24.70
2018-03-28 17:25:54 248.00 18.00 24.71 25.57 24.70
2018-03-28 17:25:56 248.00 18.00 24.71 25.57 24.70
2018-03-28 17:25:57 248.00 18.00 24.71 25.57 24.70
2018-03-28 17:25:58 249.00 18.00 24.71 25.57 24.70
2018-03-28 17:25:59 249.00 18.00 24.71 25.57 24.70
2018-03-28 17:26:00 248.00 18.00 24.71 25.53 24.70
2018-03-28 17:26:01 242.00 18.00 24.71 25.57 24.70
2018-03-28 17:26:03 232.00 18.10 24.67 25.57 24.70
2018-03-28 17:26:04 208.00 18.10 24.61 25.57 24.70
2018-03-28 17:26:05 216.00 18.10 24.67 25.57 24.70
2018-03-28 17:26:06 187.00 18.10 24.71 25.57 24.70
2018-03-28 17:26:07 196.00 18.10 24.67 25.57 24.70
2018-03-28 17:26:08 174.00 18.10 24.67 25.57 24.70
2018-03-28 17:26:10 193.00 18.10 24.61 25.53 24.70
2018-03-28 17:26:11 210.00 18.10 24.67 25.57 24.70
2018-03-28 17:26:12 225.00 18.10 24.75 25.57 24.70
2018-03-28 17:26:13 236.00 18.10 25.47 25.57 24.70
2018-03-28 17:26:14 236.00 18.10 24.71 25.57 24.70
2018-03-28 17:26:15 239.00 18.10 25.15 25.57 24.70
2018-03-28 17:26:17 245.00 18.10 25.15 25.53 24.70
2018-03-28 17:26:18 251.00 18.10 24.99 25.57 24.70
2018-03-28 17:26:19 255.00 18.10 24.81 25.57 24.70
2018-03-28 17:26:20 255.00 18.10 24.67 25.57 24.70
2018-03-28 17:26:21 256.00 18.10 24.61 25.57 24.70
2018-03-28 17:26:22 258.00 18.10 24.61 25.53 24.70
2018-03-28 17:26:23 260.00 18.10 24.61 25.53 24.70
2018-03-28 17:26:24 260.00 18.10 24.61 25.53 24.70
2018-03-28 17:26:26 259.00 18.10 24.61 25.53 24.70
2018-03-28 17:26:27 259.00 18.10 24.61 25.57 24.70
2018-03-28 17:26:28 256.00 18.10 24.67 25.53 24.70
2018-03-28 17:26:29 248.00 18.10 24.67 25.53 24.70
2018-03-28 17:26:30 248.00 18.10 24.67 25.53 24.70
2018-03-28 17:26:31 244.00 18.10 24.67 25.53 24.70
2018-03-28 17:26:33 242.00 18.10 24.71 25.53 24.70
2018-03-28 17:26:34 241.00 18.10 24.67 25.57 24.70
2018-03-28 17:26:35 241.00 18.10 24.67 25.53 24.70
2018-03-28 17:26:36 235.00 18.10 24.71 25.57 24.70
2018-03-28 17:26:37 237.00 18.10 24.71 25.53 24.70
2018-03-28 17:26:38 240.00 18.10 24.67 25.53 24.70
2018-03-28 17:26:40 242.00 18.10 24.67 25.53 24.70
2018-03-28 17:26:41 232.00 18.10 24.61 25.53 24.70
2018-03-28 17:26:42 240.00 18.10 24.57 25.53 24.70
2018-03-28 17:26:43 246.00 18.10 24.51 25.57 24.70
2018-03-28 17:26:44 246.00 18.10 24.61 25.57 24.70
2018-03-28 17:26:45 244.00 18.10 24.57 25.53 24.70
2018-03-28 17:26:47 238.00 18.10 24.57 25.53 24.70
2018-03-28 17:26:48 238.00 18.10 24.61 25.53 24.70
2018-03-28 17:26:49 234.00 18.10 24.57 25.53 24.70
2018-03-28 17:26:50 236.00 18.10 24.51 25.53 24.70
2018-03-28 17:26:51 239.00 18.10 24.47 25.53 24.70
2018-03-28 17:26:52 242.00 18.10 24.51 25.53 24.70
2018-03-28 17:26:54 239.00 18.10 24.51 25.53 24.70
2018-03-28 17:26:55 239.00 18.10 24.51 25.53 24.70
2018-03-28 17:26:56 252.00 18.10 24.51 25.53 24.70
2018-03-28 17:26:57 252.00 18.10 24.51 25.53 24.70
2018-03-28 17:26:58 253.00 18.10 24.51 25.53 24.70
2018-03-28 17:26:59 255.00 18.10 24.51 25.53 24.70
2018-03-28 17:27:00 258.00 18.10 24.47 25.53 24.70
2018-03-28 17:27:02 261.00 18.10 24.47 25.49 24.70
2018-03-28 17:27:03 261.00 18.10 24.47 25.53 24.70
2018-03-28 17:27:04 262.00 18.10 24.47 25.53 24.70
2018-03-28 17:27:05 267.00 18.10 24.51 25.49 24.70
2018-03-28 17:27:06 268.00 18.10 24.47 25.49 24.70
2018-03-28 17:27:07 266.00 18.00 24.51 25.53 24.60
2018-03-28 17:27:08 269.00 18.00 24.47 25.49 24.60
2018-03-28 17:27:10 269.00 18.00 24.43 25.49 24.70
2018-03-28 17:27:11 267.00 18.00 24.43 25.49 24.70
2018-03-28 17:27:12 272.00 18.00 24.47 25.49 24.70
2018-03-28 17:27:13 273.00 18.00 24.47 25.49 24.70
2018-03-28 17:27:14 272.00 18.00 24.47 25.49 24.70
2018-03-28 17:27:15 274.00 18.00 24.47 25.49 24.70
2018-03-28 17:27:17 276.00 18.00 24.47 25.49 24.70
2018-03-28 17:27:18 277.00 18.00 24.47 25.49 24.70
2018-03-28 17:27:19 279.00 18.00 24.47 25.53 24.70
2018-03-28 17:27:20 284.00 18.00 24.47 25.49 24.70
2018-03-28 17:27:21 288.00 18.00 24.47 25.49 24.70
2018-03-28 17:27:22 288.00 18.00 24.51 25.49 24.70
2018-03-28 17:27:24 289.00 18.00 24.51 25.49 24.70
2018-03-28 17:27:25 292.00 18.00 24.57 25.49 24.70
2018-03-28 17:27:26 293.00 18.00 24.57 25.49 24.70
2018-03-28 17:27:27 295.00 18.00 24.57 25.49 24.70
2018-03-28 17:27:28 298.00 17.90 24.51 25.49 24.70
2018-03-28 17:27:29 299.00 17.90 24.57 25.49 24.70
2018-03-28 17:27:31 299.00 17.90 24.57 25.49 24.70
2018-03-28 17:27:32 297.00 17.90 24.57 25.49 24.70
2018-03-28 17:27:33 295.00 17.90 24.61 25.49 24.60
2018-03-28 17:27:34 290.00 17.90 24.57 25.43 24.60
2018-03-28 17:27:35 285.00 17.80 24.61 25.43 24.60
2018-03-28 17:27:36 281.00 17.80 24.61 25.49 24.60
2018-03-28 17:27:38 276.00 17.90 24.57 25.43 24.70
2018-03-28 17:27:39 274.00 17.90 24.61 25.49 24.70
2018-03-28 17:27:40 272.00 17.80 24.57 25.49 24.60
2018-03-28 17:27:41 271.00 17.80 24.61 25.43 24.60
2018-03-28 17:27:42 272.00 17.80 24.61 25.49 24.60
2018-03-28 17:27:43 275.00 17.80 24.61 25.49 24.60
2018-03-28 17:27:44 276.00 17.80 24.67 25.49 24.60
2018-03-28 17:27:45 278.00 17.80 24.67 25.49 24.60
2018-03-28 17:27:47 281.00 17.80 24.67 25.49 24.60
2018-03-28 17:27:48 280.00 17.80 24.61 25.43 24.60
2018-03-28 17:27:49 281.00 17.80 24.61 25.49 24.60
2018-03-28 17:27:50 278.00 17.80 24.61 25.49 24.60
2018-03-28 17:27:51 277.00 17.80 24.61 25.49 24.60
2018-03-28 17:27:52 273.00 17.80 24.67 25.49 24.60
2018-03-28 17:27:54 271.00 17.80 24.67 25.49 24.60
2018-03-28 17:27:55 270.00 17.80 24.61 25.49 24.60
2018-03-28 17:27:56 269.00 17.80 24.57 25.43 24.60
2018-03-28 17:27:57 268.00 17.80 24.61 25.49 24.60
2018-03-28 17:27:58 267.00 17.80 24.67 25.43 24.60
2018-03-28 17:27:59 265.00 17.80 24.67 25.49 24.60
2018-03-28 17:28:01 264.00 17.70 24.71 25.49 24.60
2018-03-28 17:28:02 259.00 17.70 24.67 25.49 24.60
2018-03-28 17:28:03 257.00 17.70 24.75 25.49 24.60
2018-03-28 17:28:04 253.00 17.70 24.67 25.49 24.60
2018-03-28 17:28:05 248.00 nan 24.67 25.49 nan
2018-03-28 17:28:06 247.00 nan 24.67 25.49 nan
2018-03-28 17:28:08 249.00 17.70 24.61 25.49 24.60
2018-03-28 17:28:09 249.00 17.70 24.67 25.49 24.60
2018-03-28 17:28:10 251.00 17.80 24.67 25.49 24.60
2018-03-28 17:28:11 251.00 17.80 24.61 25.49 24.60
2018-03-28 17:28:12 251.00 17.90 24.61 25.49 24.60
2018-03-28 17:28:13 249.00 17.90 24.61 25.43 24.60
2018-03-28 17:28:15 248.00 17.90 24.61 25.49 24.60
2018-03-28 17:28:16 246.00 17.90 24.61 25.49 24.60
2018-03-28 17:28:17 243.00 18.00 24.61 25.43 24.60
2018-03-28 17:28:18 244.00 18.00 24.67 25.49 24.60
2018-03-28 17:28:19 242.00 18.00 24.67 25.49 24.60
2018-03-28 17:28:20 241.00 18.00 24.67 25.49 24.60
2018-03-28 17:28:22 242.00 18.10 24.61 25.49 24.60
2018-03-28 17:28:23 236.00 18.10 24.61 25.49 24.60
2018-03-28 17:28:24 230.00 18.10 24.61 25.49 24.60
2018-03-28 17:28:25 224.00 18.10 24.61 25.49 24.60
2018-03-28 17:28:26 220.00 18.20 24.61 25.49 24.60
2018-03-28 17:28:27 216.00 18.20 24.61 25.49 24.60
2018-03-28 17:28:28 213.00 18.20 24.61 25.49 24.60
2018-03-28 17:28:29 210.00 18.20 24.61 25.49 24.60
2018-03-28 17:28:31 208.00 18.20 24.61 25.49 24.60
2018-03-28 17:28:32 206.00 18.20 24.61 25.49 24.60
2018-03-28 17:28:33 204.00 18.30 24.57 25.43 24.60
2018-03-28 17:28:34 205.00 18.30 24.61 25.49 24.60
2018-03-28 17:28:35 204.00 18.30 24.61 25.49 24.60
2018-03-28 17:28:36 203.00 18.30 24.61 25.43 24.60
2018-03-28 17:28:38 203.00 18.30 24.61 25.49 24.60
2018-03-28 17:28:39 201.00 18.30 24.61 25.49 24.60
2018-03-28 17:28:40 202.00 18.30 24.61 25.49 24.60
2018-03-28 17:28:41 200.00 18.30 24.61 25.49 24.60
2018-03-28 17:28:42 199.00 18.30 24.61 25.49 24.60
2018-03-28 17:28:43 199.00 18.30 24.61 25.49 24.60
2018-03-28 17:28:45 199.00 18.30 24.61 25.49 24.60
2018-03-28 17:28:46 199.00 18.30 24.61 25.43 24.60
2018-03-28 17:28:47 198.00 18.30 24.61 25.49 24.60
2018-03-28 17:28:48 198.00 18.30 24.61 25.49 24.60
2018-03-28 17:28:49 198.00 18.30 24.61 25.49 24.60
2018-03-28 17:28:50 198.00 18.30 24.61 25.49 24.60
2018-03-28 17:28:52 199.00 18.30 24.61 25.49 24.60
2018-03-28 17:28:53 199.00 18.30 24.61 25.49 24.60
2018-03-28 17:28:54 199.00 18.30 24.61 25.49 24.60
2018-03-28 17:28:55 198.00 18.30 24.61 25.49 24.60
2018-03-28 17:28:56 198.00 18.30 24.61 25.49 24.60
2018-03-28 17:28:57 197.00 18.30 24.61 25.49 24.60
2018-03-28 17:28:59 199.00 18.30 24.61 25.49 24.60
2018-03-28 17:29:00 198.00 18.30 24.61 25.49 24.60
2018-03-28 17:29:01 198.00 18.30 24.67 25.43 24.60
2018-03-28 17:29:02 198.00 18.30 24.61 25.49 24.60
2018-03-28 17:29:03 197.00 18.30 24.67 25.49 24.60
2018-03-28 17:29:04 196.00 18.30 24.67 25.49 24.60
2018-03-28 17:29:05 196.00 18.30 24.67 25.49 24.60
2018-03-28 17:29:07 196.00 18.30 24.67 25.49 24.60
2018-03-28 17:29:08 195.00 18.30 24.67 25.49 24.60
2018-03-28 17:29:09 195.00 18.30 24.61 25.49 24.60
2018-03-28 17:29:10 193.00 18.30 24.67 25.49 24.60
2018-03-28 17:29:11 193.00 18.30 24.67 25.49 24.60
2018-03-28 17:29:12 194.00 18.30 24.67 25.49 24.60
2018-03-28 17:29:13 191.00 18.30 24.61 25.49 24.60
2018-03-28 17:29:15 189.00 18.30 24.61 25.49 24.60
2018-03-28 17:29:16 187.00 18.30 24.67 25.49 24.60
2018-03-28 17:29:17 187.00 18.30 24.61 25.49 24.60
2018-03-28 17:29:18 187.00 18.30 24.67 25.49 24.60
2018-03-28 17:29:19 181.00 18.30 24.61 25.49 24.60
2018-03-28 17:29:20 183.00 18.30 24.61 25.49 24.60
2018-03-28 17:29:22 181.00 18.30 24.61 25.49 24.60
2018-03-28 17:29:23 183.00 18.30 24.61 25.49 24.60
2018-03-28 17:29:24 182.00 18.20 24.67 25.53 24.60
2018-03-28 17:29:25 184.00 18.20 24.61 25.49 24.60
2018-03-28 17:29:26 183.00 18.20 24.61 25.49 24.60
2018-03-28 17:29:27 183.00 18.20 24.61 25.49 24.60
2018-03-28 17:29:29 182.00 18.20 24.61 25.49 24.60
2018-03-28 17:29:30 183.00 18.20 24.61 25.49 24.60
2018-03-28 17:29:31 184.00 18.20 24.61 25.49 24.60
2018-03-28 17:29:32 183.00 18.20 24.61 25.49 24.60
2018-03-28 17:29:33 183.00 18.20 24.61 25.49 24.60
2018-03-28 17:29:34 183.00 18.20 24.61 25.49 24.60
2018-03-28 17:29:36 182.00 18.20 24.61 25.49 24.60
2018-03-28 17:29:37 183.00 18.20 24.67 25.53 24.60
2018-03-28 17:29:38 183.00 18.20 24.61 25.49 24.60
2018-03-28 17:29:39 183.00 18.20 24.61 25.49 24.60
2018-03-28 17:29:40 183.00 18.20 24.61 25.49 24.60
2018-03-28 17:29:41 182.00 18.20 24.67 25.49 24.60
2018-03-28 17:29:43 183.00 18.20 24.67 25.49 24.60
2018-03-28 17:29:44 183.00 18.20 24.67 25.53 24.60
2018-03-28 17:29:45 183.00 18.20 24.67 25.49 24.60
2018-03-28 17:29:46 182.00 18.20 24.61 25.49 24.60
2018-03-28 17:29:47 184.00 18.20 24.67 25.49 24.60
2018-03-28 17:29:48 183.00 18.20 24.61 25.49 24.60
2018-03-28 17:29:49 183.00 18.20 24.67 25.49 24.60
2018-03-28 17:29:50 182.00 18.20 24.67 25.49 24.60
2018-03-28 17:29:52 183.00 18.10 24.61 25.49 24.60
2018-03-28 17:29:53 182.00 18.10 24.67 25.49 24.60
2018-03-28 17:29:54 180.00 18.20 24.61 25.49 24.60
2018-03-28 17:29:55 181.00 18.20 24.67 25.49 24.60
2018-03-28 17:29:56 181.00 18.10 24.67 25.53 24.50
2018-03-28 17:29:57 181.00 18.10 24.67 25.49 24.50
2018-03-28 17:29:59 182.00 18.10 24.71 25.53 24.60
2018-03-28 17:30:00 181.00 18.10 24.71 25.53 24.60
2018-03-28 17:30:01 181.00 18.10 24.67 25.49 24.60
2018-03-28 17:30:02 180.00 18.10 24.67 25.49 24.60
2018-03-28 17:30:03 182.00 18.10 24.61 25.53 24.60
2018-03-28 17:30:04 180.00 18.10 24.61 25.53 24.60
2018-03-28 17:30:06 181.00 18.10 24.61 25.49 24.60
2018-03-28 17:30:07 180.00 18.10 24.67 25.49 24.60
2018-03-28 17:30:08 182.00 18.20 24.61 25.49 24.60
2018-03-28 17:30:09 180.00 18.20 24.67 25.49 24.60
2018-03-28 17:30:10 177.00 18.10 24.61 25.49 24.60
2018-03-28 17:30:11 161.00 18.10 24.61 25.49 24.60
2018-03-28 17:30:13 159.00 nan 24.61 25.49 nan
2018-03-28 17:30:14 154.00 nan 24.61 25.53 nan
2018-03-28 17:30:15 155.00 18.20 24.67 25.53 24.60
2018-03-28 17:30:16 155.00 18.20 24.81 25.53 24.60
2018-03-28 17:30:17 155.00 18.20 24.75 25.49 24.60
2018-03-28 17:30:18 156.00 18.20 24.67 25.49 24.60
2018-03-28 17:30:20 156.00 nan 24.57 25.53 nan
2018-03-28 17:30:21 138.00 nan 24.61 25.49 nan
2018-03-28 17:30:22 138.00 nan 24.57 25.53 nan
2018-03-28 17:30:23 137.00 nan 24.61 25.49 nan
2018-03-28 17:30:24 136.00 nan 24.57 25.49 nan
2018-03-28 17:30:25 136.00 nan 24.61 25.53 nan
2018-03-28 17:30:26 135.00 nan 24.61 25.49 nan
2018-03-28 17:30:28 136.00 nan 24.57 25.49 nan
2018-03-28 17:30:29 136.00 nan 24.57 25.53 nan
2018-03-28 17:30:30 134.00 nan 24.61 25.49 nan
2018-03-28 17:30:31 134.00 nan 24.57 25.49 nan
2018-03-28 17:30:32 133.00 nan 24.61 25.49 nan
2018-03-28 17:30:33 134.00 nan 24.61 25.49 nan
2018-03-28 17:30:34 123.00 nan 24.67 25.53 nan
2018-03-28 17:30:36 123.00 nan 24.67 25.53 nan
2018-03-28 17:30:37 122.00 nan 24.61 25.49 nan
2018-03-28 17:30:38 121.00 18.30 24.61 25.49 24.60
2018-03-28 17:30:39 121.00 18.30 24.61 25.49 24.60
2018-03-28 17:30:40 122.00 18.40 24.61 25.49 24.50
2018-03-28 17:30:41 120.00 18.40 24.61 25.49 24.50
2018-03-28 17:30:43 118.00 18.40 24.61 25.49 24.50
2018-03-28 17:30:44 120.00 18.40 24.61 25.49 24.50
2018-03-28 17:30:45 121.00 18.40 24.67 25.49 24.50
2018-03-28 17:30:46 119.00 18.40 24.61 25.49 24.50
2018-03-28 17:30:47 119.00 18.40 24.57 25.49 24.50
2018-03-28 17:30:48 121.00 18.40 24.57 25.49 24.50
2018-03-28 17:30:50 120.00 18.50 24.61 25.49 24.60
2018-03-28 17:30:51 121.00 18.50 24.61 25.53 24.60
2018-03-28 17:30:52 121.00 18.50 24.57 25.49 24.50
2018-03-28 17:30:53 121.00 18.50 24.61 25.49 24.50
2018-03-28 17:30:54 120.00 18.60 24.61 25.49 24.50
2018-03-28 17:30:55 120.00 18.60 24.61 25.49 24.50
2018-03-28 17:30:57 121.00 18.60 24.61 25.49 24.50
2018-03-28 17:30:58 121.00 18.60 24.61 25.49 24.50
2018-03-28 17:30:59 120.00 18.70 24.61 25.49 24.60
2018-03-28 17:31:00 119.00 18.70 24.61 25.49 24.60
2018-03-28 17:31:01 119.00 18.70 24.61 25.49 24.50
2018-03-28 17:31:02 119.00 18.70 24.61 25.49 24.50
2018-03-28 17:31:04 118.00 18.80 24.67 25.49 24.50
2018-03-28 17:31:05 118.00 18.80 24.61 25.49 24.50
2018-03-28 17:31:06 119.00 18.80 24.67 25.49 24.50
2018-03-28 17:31:07 118.00 18.80 24.67 25.53 24.50
2018-03-28 17:31:08 117.00 18.80 24.67 25.49 24.50
2018-03-28 17:31:09 118.00 18.80 24.67 25.49 24.50
2018-03-28 17:31:10 118.00 18.80 24.67 25.49 24.50
2018-03-28 17:31:11 118.00 18.80 24.67 25.49 24.50
2018-03-28 17:31:13 118.00 18.90 24.67 25.49 24.50
2018-03-28 17:31:14 118.00 18.90 24.61 25.43 24.50
2018-03-28 17:31:15 116.00 18.90 24.67 25.49 24.50
2018-03-28 17:31:16 117.00 18.90 24.67 25.49 24.50
2018-03-28 17:31:17 116.00 nan 24.67 25.49 nan
2018-03-28 17:31:18 114.00 nan 24.67 25.49 nan
2018-03-28 17:31:20 115.00 nan 24.67 25.49 nan
2018-03-28 17:31:21 115.00 nan 24.67 25.49 nan
2018-03-28 17:31:22 114.00 nan 24.67 25.49 nan
2018-03-28 17:31:23 114.00 nan 24.67 25.49 nan
2018-03-28 17:31:24 115.00 nan 24.67 25.49 nan
2018-03-28 17:31:25 115.00 nan 24.67 25.53 nan
2018-03-28 17:31:27 116.00 nan 24.71 25.49 nan
2018-03-28 17:31:28 115.00 nan 24.67 25.49 nan
2018-03-28 17:31:29 113.00 nan 24.67 25.49 nan
2018-03-28 17:31:30 114.00 nan 24.71 25.53 nan
2018-03-28 17:31:31 113.00 nan 24.67 25.49 nan
2018-03-28 17:31:32 114.00 nan 24.67 25.49 nan
2018-03-28 17:31:34 114.00 nan 24.67 25.49 nan
2018-03-28 17:31:35 113.00 nan 24.67 25.49 nan
2018-03-28 17:31:36 113.00 nan 24.67 25.49 nan
2018-03-28 17:31:37 113.00 nan 24.67 25.49 nan
2018-03-28 17:31:38 113.00 nan 24.71 25.49 nan
2018-03-28 17:31:39 112.00 nan 24.67 25.53 nan
2018-03-28 17:31:41 112.00 nan 24.71 25.53 nan
2018-03-28 17:31:42 114.00 nan 24.67 25.49 nan
2018-03-28 17:31:43 113.00 nan 24.61 25.53 nan
2018-03-28 17:31:44 114.00 nan 24.61 25.53 nan
2018-03-28 17:31:45 114.00 nan 24.67 25.53 nan
2018-03-28 17:31:46 114.00 nan 24.67 25.53 nan
2018-03-28 17:31:47 113.00 nan 24.67 25.53 nan
2018-03-28 17:31:48 114.00 nan 24.67 25.53 nan
2018-03-28 17:31:50 114.00 nan 24.61 25.49 nan
2018-03-28 17:31:51 114.00 nan 24.67 25.49 nan
2018-03-28 17:31:52 114.00 nan 24.61 25.49 nan
2018-03-28 17:31:53 113.00 nan 24.67 25.53 nan
2018-03-28 17:31:54 112.00 nan 24.67 25.53 nan
2018-03-28 17:31:55 113.00 nan 24.67 25.53 nan
2018-03-28 17:31:57 113.00 nan 24.67 25.53 nan
2018-03-28 17:31:58 114.00 nan 24.61 25.53 nan
2018-03-28 17:31:59 114.00 nan 24.67 25.49 nan
2018-03-28 17:32:00 113.00 nan 24.67 25.53 nan
2018-03-28 17:32:01 114.00 nan 24.67 25.53 nan
2018-03-28 17:32:02 113.00 nan 24.71 25.53 nan
2018-03-28 17:32:04 113.00 nan 24.71 25.53 nan
2018-03-28 17:32:05 113.00 nan 24.71 25.53 nan
2018-03-28 17:32:06 113.00 nan 24.71 25.49 nan
2018-03-28 17:32:07 113.00 nan 24.71 25.53 nan
2018-03-28 17:32:08 113.00 nan 24.71 25.53 nan
2018-03-28 17:32:09 113.00 nan 24.67 25.53 nan
2018-03-28 17:32:11 113.00 nan 24.71 25.53 nan
2018-03-28 17:32:12 114.00 nan 24.71 25.53 nan
2018-03-28 17:32:13 114.00 nan 24.71 25.53 nan
2018-03-28 17:32:14 114.00 nan 24.71 25.53 nan
2018-03-28 17:32:15 115.00 nan 24.71 25.53 nan
2018-03-28 17:32:16 116.00 nan 24.71 25.53 nan
2018-03-28 17:32:17 115.00 nan 24.71 25.53 nan
2018-03-28 17:32:19 115.00 nan 24.71 25.53 nan
2018-03-28 17:32:20 115.00 nan 24.71 25.53 nan
2018-03-28 17:32:21 114.00 nan 24.71 25.53 nan
2018-03-28 17:32:22 115.00 nan 24.71 25.53 nan
2018-03-28 17:32:23 115.00 nan 24.71 25.53 nan
2018-03-28 17:32:24 115.00 nan 24.67 25.53 nan
2018-03-28 17:32:25 115.00 nan 24.71 25.53 nan
2018-03-28 17:32:27 115.00 nan 24.71 25.53 nan
2018-03-28 17:32:28 116.00 nan 24.71 25.53 nan
2018-03-28 17:32:29 116.00 nan 24.71 25.53 nan
2018-03-28 17:32:30 114.00 nan 24.71 25.53 nan
2018-03-28 17:32:31 115.00 nan 24.71 25.53 nan
2018-03-28 17:32:32 115.00 nan 24.71 25.53 nan
2018-03-28 17:32:34 115.00 nan 24.71 25.53 nan
2018-03-28 17:32:35 115.00 nan 24.71 25.53 nan
2018-03-28 17:32:36 116.00 nan 24.71 25.53 nan
2018-03-28 17:32:37 116.00 nan 24.71 25.53 nan
2018-03-28 17:32:38 116.00 nan 24.71 25.53 nan
2018-03-28 17:32:39 115.00 nan 24.71 25.53 nan
2018-03-28 17:32:41 115.00 nan 24.75 25.53 nan
2018-03-28 17:32:42 115.00 nan 24.75 25.53 nan
2018-03-28 17:32:43 116.00 nan 24.71 25.53 nan
2018-03-28 17:32:44 115.00 nan 24.75 25.53 nan
2018-03-28 17:32:45 116.00 nan 24.71 25.53 nan
2018-03-28 17:32:46 116.00 nan 24.75 25.53 nan
2018-03-28 17:32:48 116.00 nan 24.75 25.53 nan
2018-03-28 17:32:49 115.00 nan 24.75 25.53 nan
2018-03-28 17:32:50 115.00 nan 24.71 25.57 nan
2018-03-28 17:32:51 116.00 nan 24.71 25.53 nan
2018-03-28 17:32:52 116.00 nan 24.75 25.57 nan
2018-03-28 17:32:53 115.00 nan 24.81 25.57 nan
2018-03-28 17:32:54 114.00 nan 24.75 25.53 nan
2018-03-28 17:32:55 115.00 nan 24.81 25.57 nan
2018-03-28 17:32:57 114.00 nan 24.75 25.57 nan
2018-03-28 17:32:58 114.00 nan 24.75 25.53 nan
2018-03-28 17:32:59 114.00 nan 24.75 25.53 nan
2018-03-28 17:33:00 113.00 nan 24.81 25.57 nan
2018-03-28 17:33:01 113.00 nan 24.75 25.53 nan
2018-03-28 17:33:02 113.00 nan 24.81 25.57 nan
2018-03-28 17:33:04 115.00 nan 24.81 25.53 nan
2018-03-28 17:33:05 114.00 nan 24.75 25.57 nan
2018-03-28 17:33:06 114.00 nan 24.81 25.53 nan
2018-03-28 17:33:07 114.00 nan 24.81 25.53 nan
2018-03-28 17:33:08 114.00 nan 24.81 25.57 nan
2018-03-28 17:33:09 113.00 nan 24.81 25.57 nan
2018-03-28 17:33:11 113.00 nan 24.81 25.57 nan
2018-03-28 17:33:12 113.00 nan 24.81 25.57 nan
2018-03-28 17:33:13 114.00 nan 24.81 25.57 nan
2018-03-28 17:33:14 114.00 nan 24.81 25.57 nan
2018-03-28 17:33:15 113.00 nan 24.81 25.57 nan
2018-03-28 17:33:16 113.00 nan 24.81 25.57 nan
2018-03-28 17:33:18 113.00 nan 24.81 25.57 nan
2018-03-28 17:33:19 114.00 nan 24.81 25.57 nan
2018-03-28 17:33:20 114.00 nan 24.85 25.57 nan
2018-03-28 17:33:21 114.00 nan 24.81 25.57 nan
2018-03-28 17:33:22 114.00 nan 24.81 25.57 nan
2018-03-28 17:33:23 113.00 nan 24.81 25.57 nan
2018-03-28 17:33:25 113.00 nan 24.81 25.57 nan
2018-03-28 17:33:26 113.00 nan 24.81 25.57 nan
2018-03-28 17:33:27 114.00 nan 24.75 25.57 nan
2018-03-28 17:33:28 113.00 nan 24.81 25.57 nan
2018-03-28 17:33:29 113.00 nan 24.81 25.57 nan
2018-03-28 17:33:30 112.00 nan 24.81 25.57 nan
2018-03-28 17:33:31 112.00 nan 24.81 25.57 nan
2018-03-28 17:33:32 113.00 nan 24.75 25.57 nan
2018-03-28 17:33:34 112.00 nan 24.81 25.57 nan
2018-03-28 17:33:35 111.00 nan 24.75 25.57 nan
2018-03-28 17:33:36 110.00 nan 24.75 25.57 nan
2018-03-28 17:33:37 110.00 nan 24.75 25.57 nan
2018-03-28 17:33:38 110.00 nan 24.81 25.57 nan
2018-03-28 17:33:39 109.00 nan 24.75 25.57 nan
2018-03-28 17:33:41 110.00 nan 24.81 25.61 nan
2018-03-28 17:33:42 109.00 nan 24.81 25.57 nan
2018-03-28 17:33:43 109.00 nan 24.85 25.61 nan
2018-03-28 17:33:44 108.00 nan 24.75 25.57 nan
2018-03-28 17:33:45 109.00 nan 24.81 25.61 nan
2018-03-28 17:33:46 108.00 nan 24.81 25.61 nan
2018-03-28 17:33:48 107.00 nan 24.75 25.61 nan
2018-03-28 17:33:49 106.00 nan 24.75 25.61 nan
2018-03-28 17:33:50 107.00 nan 24.81 25.61 nan
2018-03-28 17:33:51 106.00 nan 24.81 25.61 nan
2018-03-28 17:33:52 105.00 nan 24.81 25.57 nan
2018-03-28 17:33:53 105.00 nan 24.81 25.61 nan
2018-03-28 17:33:55 104.00 nan 24.81 25.61 nan
2018-03-28 17:33:56 105.00 nan 24.81 25.61 nan
2018-03-28 17:33:57 104.00 nan 24.81 25.61 nan
2018-03-28 17:33:58 103.00 nan 24.81 25.61 nan
2018-03-28 17:33:59 103.00 nan 24.81 25.61 nan
2018-03-28 17:34:00 103.00 nan 24.81 25.61 nan
2018-03-28 17:34:01 102.00 nan 24.81 25.61 nan
2018-03-28 17:34:03 102.00 nan 24.81 25.61 nan
2018-03-28 17:34:04 101.00 nan 24.81 25.61 nan
2018-03-28 17:34:05 101.00 nan 24.81 25.61 nan
2018-03-28 17:34:06 102.00 nan 24.75 25.61 nan
2018-03-28 17:34:07 102.00 nan 24.81 25.61 nan
2018-03-28 17:34:08 101.00 nan 24.75 25.61 nan
2018-03-28 17:34:09 101.00 nan 24.75 25.61 nan
2018-03-28 17:34:11 101.00 nan 24.75 25.61 nan
2018-03-28 17:34:12 100.00 nan 24.75 25.65 nan
2018-03-28 17:34:13 100.00 nan 24.81 25.61 nan
2018-03-28 17:34:14 100.00 nan 24.75 25.61 nan
2018-03-28 17:34:15 100.00 nan 24.75 25.61 nan
2018-03-28 17:34:16 99.00 nan 24.75 25.65 nan
2018-03-28 17:34:18 101.00 nan 24.75 25.65 nan
2018-03-28 17:34:19 100.00 nan 24.91 25.61 nan
2018-03-28 17:34:20 100.00 nan 24.75 25.65 nan
2018-03-28 17:34:21 100.00 nan 24.75 25.61 nan
2018-03-28 17:34:22 100.00 nan 24.75 25.65 nan
2018-03-28 17:34:23 101.00 nan 24.75 25.61 nan
2018-03-28 17:34:25 101.00 nan 24.75 25.61 nan
2018-03-28 17:34:26 99.00 nan 24.75 25.61 nan
2018-03-28 17:34:27 98.00 nan 24.75 25.65 nan
2018-03-28 17:34:28 96.00 nan 24.75 25.65 nan
2018-03-28 17:34:29 97.00 nan 24.75 25.65 nan
2018-03-28 17:34:30 96.00 nan 24.75 25.65 nan
2018-03-28 17:34:32 95.00 nan 24.75 25.65 nan
2018-03-28 17:34:33 94.00 nan 24.75 25.65 nan
2018-03-28 17:34:34 95.00 nan 24.75 25.61 nan
2018-03-28 17:34:35 95.00 nan 24.71 25.65 nan
2018-03-28 17:34:36 94.00 nan 24.67 25.65 nan
2018-03-28 17:34:37 96.00 nan 24.61 25.65 nan
2018-03-28 17:34:38 96.00 nan 24.61 25.61 nan
2018-03-28 17:34:39 95.00 nan 24.67 25.65 nan
2018-03-28 17:34:41 96.00 nan 24.67 25.65 nan
2018-03-28 17:34:42 95.00 nan 24.67 25.65 nan
2018-03-28 17:34:43 96.00 nan 24.61 25.65 nan
2018-03-28 17:34:44 96.00 nan 24.61 25.65 nan
2018-03-28 17:34:45 97.00 nan 24.57 25.61 nan
2018-03-28 17:34:46 97.00 nan 24.57 25.65 nan
2018-03-28 17:34:48 96.00 nan 24.61 25.61 nan
2018-03-28 17:34:49 96.00 nan 24.61 25.61 nan
2018-03-28 17:34:50 94.00 nan 24.61 25.61 nan
2018-03-28 17:34:51 96.00 nan 24.57 25.65 nan
2018-03-28 17:34:52 96.00 nan 24.57 25.65 nan
2018-03-28 17:34:53 96.00 nan 24.61 25.61 nan
2018-03-28 17:34:55 99.00 nan 24.57 25.61 nan
2018-03-28 17:34:56 99.00 nan 24.61 25.61 nan
2018-03-28 17:34:57 100.00 nan 24.61 25.65 nan
2018-03-28 17:34:58 99.00 nan 24.61 25.61 nan
2018-03-28 17:34:59 99.00 nan 24.67 25.65 nan
2018-03-28 17:35:00 99.00 nan 25.05 25.61 nan
2018-03-28 17:35:02 101.00 nan 25.19 25.61 nan
2018-03-28 17:35:03 105.00 nan 24.99 25.65 nan
2018-03-28 17:35:04 107.00 nan 24.91 25.61 nan
2018-03-28 17:35:05 109.00 nan 24.91 25.61 nan
2018-03-28 17:35:06 112.00 nan 24.91 25.61 nan
2018-03-28 17:35:07 116.00 nan 24.91 25.61 nan
2018-03-28 17:35:09 119.00 nan 25.15 25.61 nan
2018-03-28 17:35:10 125.00 nan 25.23 25.61 nan
2018-03-28 17:35:11 129.00 nan 24.61 25.61 nan
2018-03-28 17:35:12 134.00 nan 24.61 25.61 nan
2018-03-28 17:35:13 139.00 nan 24.61 25.61 nan
2018-03-28 17:35:14 140.00 nan 24.61 25.61 nan
2018-03-28 17:35:15 141.00 nan 24.67 25.61 nan
2018-03-28 17:35:16 140.00 nan 24.67 25.61 nan
2018-03-28 17:35:18 140.00 nan 24.67 25.61 nan
2018-03-28 17:35:19 135.00 nan 24.67 25.61 nan
2018-03-28 17:35:20 133.00 nan 24.67 25.61 nan
2018-03-28 17:35:21 128.00 nan 24.67 25.61 nan
2018-03-28 17:35:22 123.00 nan 25.09 25.61 nan
2018-03-28 17:35:23 119.00 nan 24.99 25.61 nan
2018-03-28 17:35:25 118.00 nan 24.95 25.61 nan
2018-03-28 17:35:26 117.00 nan 25.15 25.61 nan
2018-03-28 17:35:27 117.00 nan 25.05 25.61 nan
2018-03-28 17:35:28 118.00 nan 25.05 25.61 nan
2018-03-28 17:35:29 121.00 nan 24.99 25.61 nan
2018-03-28 17:35:30 124.00 nan 25.05 25.61 nan
2018-03-28 17:35:32 125.00 nan 25.29 25.61 nan
2018-03-28 17:35:33 128.00 nan 26.25 25.61 nan
2018-03-28 17:35:34 128.00 nan 26.19 25.61 nan
2018-03-28 17:35:35 131.00 nan 26.05 25.61 nan
